-4.80772963170674
-2.13833079813857
-2.02207293698055
-3.036944904488
-3.95484838228854
-2.26127621456506
-2.38018799628065
-2.40944126612276
-2.6569688631523
-1.95801293645422
-3.99665906866497
-2.41964505932813
-1.9972866678928
-2.18888283917865
-2.58961765582351
-3.07988117162474
-1.41422604638465
-2.07989123812925
-2.36582199730654
-1.83881374547782
-1.7808458855444
-4.38397648246916
-3.83322858198793
-2.03689075113657
-1.91786459780235
-3.39907589338676
-1.76143748323292
-1.69249393077702
-2.36468360385218
-1.92993260820887
-3.05410387770818
-2.38179660802861
-2.25116819653772
-1.74304319980391
-1.46123669883594
-1.4604926312777
-0.77934322473278
-3.88707813789548
-3.82339535767857
-1.20752120666009
-4.08488310154543
-3.72848443670983
-1.40158671812702
-2.3683127544591
-1.17480363811852
-1.60330999919433
-1.74278803701981
-1.37829103489251
-2.83810190678111
-1.78490114701445
-1.25397692035415
-0.605381315619124
-1.87239754567807
-2.13939298111637
-3.74223060538336
-3.32766105645595
-2.74133679010899
-6.03046760105991
-0.615389669159506
-1.39937843602483
-1.94892321387347
-2.06402807053936
-2.84958756954476
-2.1676423881848
-1.66257748395933
-2.47146828618805
-1.45343621815391
-1.04732090609051
-2.32403313507304
-2.22691960865886
-2.13042354613455
-1.50411876075978
-3.19569947470054
-1.75974243742665
-0.961593945337906
-1.66152683350443
-1.65207823466884
-1.61404634812224
-1.51883398717242
-2.25089476006188
-2.20316084431401
-1.52740755389065
-1.91377206215974
-2.72004798585405
-1.8430463388123
-1.77922503158601
-1.37122996985159
-1.39025434748156
-1.3901679819611
-1.38308404752515
-0.637093216555425
-1.82121658703845
-1.34804508337564
-1.09995229427727
-2.13667952216982
-3.43340492580553
-2.18478049068647
-1.86746285395188
-1.54361815153795
-1.30076450105734
-1.04394659813675
-2.52440627152334
-1.38340407042545
-1.19118699547338
-1.55065099562624
-1.78400140257182
-1.79298277262942
-1.40270531885061
-2.51103710090196
-0.391153293149609
-1.10979894941864
-0.970486453988602
-1.22127279013306
-1.50504337380311
-0.664069405638675
-1.33544553552286
-1.43138293723653
-1.05679784500612
-1.27696578650456
-1.64081289422697
-2.81105432471672
-0.978236083422691
-2.38148685564161
-1.05286411063506
-2.72404983403079
-1.23175102957225
-3.66340295709376
-0.942986086788684
-2.11162525165008
-0.222928763630813
-1.20350458195027
-3.5251324595468
-0.882528953007304
-1.34719866916882
-0.984435095672078
-0.968596566025192
-0.652940775244036
-1.25195750733057
-1.01839653236634
-0.921545062093067
-1.64461495590865
-1.50881580464427
-2.11648519052916
-1.04192072690349
-1.57050787343777
-1.76184579446601
-1.62282193111914
-4.23523171580008
-1.57870383944858
-0.452307140187169
-1.31317953908287
-1.84276413521585
-0.984590508623082
-0.843434141718604
-0.930966598229288
-0.863909630961653
-0.482501832846096
-1.24066823467972
-1.37913704161491
-1.68246972404585
-2.84145690778471
-2.25610338680938
-2.62809291310919
-2.0362897058618
-1.18220548769657
-1.57591070191069
-0.663157995084994
-1.4795290711742
-3.90847278180449
-1.21744013127243
-1.60034641275429
-0.88712246547914
-1.30825073424225
-1.52019406769774
-1.18647506317034
-2.15784490940769
-1.98667923427633
-1.1619379826154
-1.09243797932415
-1.78249204122353
-1.16125057237452
-0.372334014882888
-1.29261788314628
-1.05551473723257
-1.39772086185003
-1.24191514721067
-0.699918295594394
-0.326907070510021
-1.16049013659735
-2.73523243743455
-1.0446112942619
-5.78617625657667
-0.758712680993711
-1.58348227571522
-0.91858954050354
-1.88944520825469
-1.31153851506973
-1.24852011034209
-1.15929062590022
-0.9379268477053
-1.05146623775265
-0.812899670349669
-1.98503492212006
-3.13270486253949
-0.973423161593696
-1.18368494775119
-1.29516149021112
-1.44431502237897
-0.723152873447903
-1.78624123120561
-1.04024070578924
-1.86257549832533
-0.80420909842799
-1.10036886709477
-1.67284613693044
-1.56289156966217
-0.977328205128378
-0.526992208242789
-1.59857652679054
-1.21827076866135
-1.66481211701174
-3.22032456881639
-0.795511629943327
-0.648112633717612
-1.23734466058754
-1.21470122454416
-1.04599844003453
-2.00408513027962
-1.31647522685318
-0.992656061187075
-0.65744238370693
-1.49483862929819
-0.908592868444776
-2.91774919286123
-0.110637223716801
-1.43962997067379
-0.304949091431164
-1.03745200976219
-0.529206815116954
-0.704780614221317
-1.06190829223275
-0.677121803379342
-0.399827129063668
-0.288030450767743
-0.189366380240202
-2.48653377968945
-1.05335413716074
-1.06285427439939
-2.0108652882469
-0.72138587750729
-1.42993633098393
-1.30689742983336
-1.30848894496889
-0.212750213034941
-1.16372085624472
-0.707361585996064
-0.988853491356369
-1.19932930534922
-1.7359823181422
-0.918105366032091
-2.07444772992404
-2.23625043369309
-1.02405951380293
-1.09244103513483
-2.44807663593212
-0.875765926153535
-1.73028491695356
-5.68127003166978
-1.67242348951013
-1.7498583880116
-0.836324068675369
-1.86329299778642
-2.22104236747554
-1.52432496174673
-0.608897964518539
-1.28678125259485
-0.452426190935935
-1.91058760948769
-1.07682096055997
-1.47455483236239
-1.09035636750723
-1.04086527259867
-1.4486610796762
-0.885283457917962
-1.06080202299245
-1.51196140289292
-1.60167324763633
-1.22927020386822
-0.247046538085555
-1.04136318580167
-1.79034371541244
-1.15824159353377
-0.83573974688714
-1.77991853894324
-0.469082266621049
-0.909547231579553
-0.767431034804662
-0.607306923103817
-1.2794204744527
-1.37385067775981
-1.15637304132564
-1.00793197950151
-1.3275851872023
-0.889439645346981
-4.08854990832842
-1.15005520255729
-2.36442469752253
-0.861314419374979
-1.91284698232233
-0.750443724866749
-1.44407087883568
-0.869722295887702
-0.951934829039445
-1.41497227867711
-0.757998054570168
-1.66520403715671
-0.931489918691493
-0.221087220026729
-1.48189786734026
-0.670818254160293
-0.747164588740378
-1.59015326780845
-1.20770886549767
-2.15533241725602
-0.196570873625426
-1.30775294379401
-0.888733706681366
-1.64023057539322
-0.797834378030337
-0.95000366136295
-0.350993803101335
-0.657046163324596
-0.319102432495491
-1.49526441556565
-1.94914997585842
-1.03125582229046
-0.0577813449490153
-1.28582977569594
-1.13571760988829
-0.900364344548041
-0.640752508303291
-0.524813091766256
-1.77507285809786
-1.52623811075951
-0.803715828386146
-0.732398433692804
-2.58292260311744
-3.00741425409219
-1.30751737305273
-2.05321117356938
-1.47934017169614
-1.14352226048798
-0.354991240354153
-1.16103317503503
-1.78440046878172
-0.663291686652183
-0.752201490058457
-0.296930471807225
-0.741718002398086
-0.79776022795481
-1.17686524945881
-1.60849330042248
-1.00065963054474
-1.08356692268482
-1.22343642578884
-1.21417007340294
-0.88431246363272
-2.33488678481932
-1.36256897726994
-1.77561228533695
-1.64984901285922
-1.31644396752187
-1.0356060438283
-2.35171951485375
-0.520909916366722
-0.980833561864496
-2.15088176324409
-1.48079237915522
-1.12599623683204
-0.77997296296163
-0.973309585429275
-1.03997863136674
-1.90859621303541
-0.72511934290628
-1.8457522968665
-1.27412560983851
-1.18555354125518
-1.62062124315997
-1.21535640745249
-2.02467644784433
-0.937035285942204
-0.891481919414446
-0.940614400134336
-1.3656555954886
-0.881026680372505
-0.0831221213883289
-0.731792750652959
-1.32414095472985
-0.901153245834856
-2.35220016263444
-0.502283632633186
-1.41422620565879
-5.00992871387772
-4.52418465345978
-0.991110487217762
-0.966559821899665
-0.854579901103061
-0.693746966383378
-0.943846856322094
-0.0530722065576887
-1.12952698741472
-1.0540657000964
-2.49470420332172
-1.83849369642695
-1.78797779342324
-1.41898565866733
-1.61404480162092
-1.77291642376836
-0.855518914557318
-2.88187128408195
-1.44974425356166
-0.956638696251787
-0.792008681246437
-0.809254455021383
-2.75677927687327
-1.26588241287399
-1.62391130574879
-0.881534836817266
-1.70260307392753
-1.30465526909186
-1.02556663176466
-2.50287043263514
-2.38344611718226
-0.126869290326947
-0.736237723165052
-1.195432327168
-0.196395559044729
-1.03526575351487
-1.77765611191454
-1.53251943503174
-0.843663809647828
-1.32365185257211
-1.14379536194274
-0.860709587710556
-0.432138350553368
-1.28348774657011
-0.650756785992081
-0.869748610819462
-1.31851346275612
-2.58515181161699
-1.16647620179769
-1.09165878142022
-1.91391128182549
-0.82883155395022
-0.934127405832542
-0.37958779290755
-0.609793182676226
-2.29332233669887
-1.1437806932265
-0.923529018969425
-1.05849291699748
-1.79374278917474
-1.24602604865064
-0.516605467015164
-1.84552656889976
-1.74949862014334
-1.81582302012217
-0.781060864135929
-1.73341169218285
-3.62351440133561
-1.60895747178382
-0.581216295553719
-0.858229717500331
-1.95013082071313
-0.889644912336166
-0.736292869004848
-1.51123048015617
-0.955131500005534
-0.940690410846235
-1.37888326348618
-0.731434880659515
-0.81926572025088
-0.6096272131254
-3.08858964504231
-0.688800218403744
-0.566258677502429
-0.318972647115926
-1.55858900823808
-0.877353680327253
-0.82778712015151
-1.7657994689147
-0.0465926020392216
-0.775543836527005
-1.85550268611293
-1.36928105231399
-0.0563952214333856
-0.952014128274756
-0.857366056964494
-1.77575531302715
-1.78165152629511
-1.70418666613288
-1.21553025928582
-0.491846449371748
-1.12509204132221
-0.772719087488675
-0.249140095160677
-0.443298861567878
-0.955932683958277
-1.39207425994493
-1.10380343656449
-1.31525943374691
-0.772566832881233
-0.0717135779127757
-1.08353002901373
-0.891953095767972
-0.785367232189574
-1.21543286657362
-0.612125087925822
-1.32544755283097
-2.45280471510588
-2.19095366124634
-0.908853640831551
-0.75763886222132
-1.00644324726938
-0.95930833091117
-0.839333001240427
-0.76865594353382
-1.78958240812553
-0.672104889128338
-1.19181330467934
-1.18899649141331
-0.71342692137561
-1.11350756290034
-0.858418914206038
-1.94988900875302
-4.00231755903056
-0.998583128279531
-0.553408198289668
-1.61773998575737
-1.12900917546848
-0.934169082744105
-0.985627208078583
-0.925493149410386
-4.15255809662855
-0.839284375616358
-0.261150524128126
-2.43381821486092
-0.996671903347333
-1.28316740952543
-1.54834112728952
-1.01477972681193
-0.822207559395627
-0.90574590777188
-2.15682768428208
-1.6463696332873
-0.60903186453009
-1.11622724471529
-0.572112706214085
-1.92759771212908
-1.20471258298329
-1.27403814679565
-1.19666851499438
-0.827005157406535
-0.714203212769104
-1.19061663683748
-1.71904479512832
-0.726919909870406
-0.970291790884016
-0.967553429826196
-1.1305670452949
-1.26978399687346
-0.861917122553743
-0.128444426561197
-1.38761404515579
-0.600359172092425
-1.14698005665331
-0.571560681899168
-1.18407980060755
-1.12555580018088
-0.304923281172214
-0.637280881298428
-0.978045348646815
-0.0797369397890026
-0.304183296278099
-0.398365293750462
-0.389494613680646
-1.28315507299982
-1.50475200234261
-1.07202035897673
-1.24910983270345
-0.507971662199145
-0.964763499343546
-0.206853988846026
-1.65515340444754
-0.0929898692323577
-1.32042896920383
-1.35792310817925
-1.25578243668678
-1.25571391636938
-0.65094747571394
-0.815956246450516
-0.798533129840592
-0.865206131579616
-0.670915714440001
-0.0486358147084482
-0.62176797714484
-0.836867991315597
-0.730205832531908
-0.995977693254572
-3.31733294349378
-0.672381583908268
-0.48779004933637
-0.609653722037816
-1.32591730741289
-0.499128747153992
-0.392505397611446
-1.12657886892487
-0.563849552896669
-2.98447550554631
-0.913629527532849
-2.50318336593326
-2.28233980776643
-0.777949001266884
-1.00305744782202
-0.666216311666924
-0.500629998336305
-0.631843704632152
-1.04152734850796
-1.44552287813047
-1.1707868521764
-1.18279408731484
-0.712397262045175
-0.44978681232152
-1.44611391477265
-0.837195794143603
-0.885925199864975
-0.627226469252323
-1.13210591544403
-1.23989094006914
-0.368697333467497
-0.431813911712591
-1.41491080429337
-0.68469888020927
-0.54532700887514
-1.01447383498253
-1.10993838396565
-0.499929070159101
-1.50979695367301
-0.151912434720778
-0.642721763737075
-0.711510164566649
-3.11120318117953
-1.20380900882168
-0.374799606981681
-0.913269323489138
-1.37509368596935
-0.958447678517023
-1.75264163116777
-0.601334920020434
-1.01520116461151
-0.820433598025693
-2.07189436254838
-0.517884357349472
-1.27165475175711
-0.803840651729947
-0.914664208383967
-0.840616443685757
-1.16955934916817
-0.990419282323142
-1.91755494666874
-1.07363388124863
-1.6804315485399
-0.83569588877318
-0.722709559309796
-0.0367632480864857
-0.260260388691676
-1.0110306285702
-3.07768985824783
-0.544176022041267
-0.629157222331703
-0.306655334797526
-1.24578066230716
-0.734984509097939
-3.86564741794304
-0.698418956344018
-0.707084858410428
-0.680906470209165
-3.19036024344029
-0.782180423064402
-0.0167943638041245
-0.709415034286658
-0.346964938929448
-1.22143559340623
-1.30061792952236
-2.83140759102747
-1.51493610634442
-1.32837986674407
-0.541751237036121
-0.572716082342811
-0.245177236110818
-0.722152281589519
-0.578586586320381
-0.472526648900366
-0.842860409095818
-0.847916889472583
-0.703236782737463
-0.293568903170749
-0.688877698223144
-1.71740924719174
-0.497694882323826
-0.634526955763444
-0.338473691475557
-1.02193369219569
-0.317026578537303
-1.15298429905567
-0.582226327609785
-0.22241615300053
-0.688166415992648
-0.118262355952738
-0.616463806169049
-1.19148936310427
-0.878422384064649
-0.685734193865943
-0.427992792326196
-0.790043427871635
-1.02858128810023
-0.503010759658891
-0.918708540208336
-0.75879389256349
-0.473598176487101
-0.629793035472406
-0.865746632243054
-0.366415195109562
-0.764678980192899
-0.289863211981908
-1.28248600643435
-0.606534528414114
-0.877934584901929
-0.832061792395536
-0.0902509395926762
-0.563361471026954
-0.125894981844607
-0.84644783711914
-0.663222962127007
-1.55818976090154
-3.08448849840286
-0.255250243144627
-1.07623331179099
-0.460666238350366
-1.8637354118747
-0.704630737639593
-1.69924019348473
-0.674225737489819
-0.645081054334139
-0.888073733271992
-0.682217116709162
-0.783284534873716
-0.797196478388116
-0.645238236946887
-0.871183534733033
-0.790292053599437
-0.700145631792668
-0.8394359595632
-2.07888980532968
-0.697487370099449
-0.759965355079502
-0.260277394781102
-0.701709191605206
-0.625864455421549
-0.626036422183573
-0.211283390534485
-0.444329937530248
-0.923722384368456
-2.57088591453
-0.846133785796034
-1.42597771582424
-1.11284973633834
-0.285905008014741
-0.904906769468425
-2.1895427012131
-0.112085840008757
-1.21125558944795
-0.912470279988445
-0.381312939635473
-1.12718059909087
-1.71590369804202
-0.552506840858876
-0.749641802007976
-0.532139329663336
-0.761306375766765
-1.01899696971712
-0.463598880834147
-1.95880244743667
-0.825147689747016
-0.651137442044161
-0.665352215956519
-0.446940675686941
-1.90754489902927
-0.46796685890501
-0.63271222177538
-0.849136939797432
-0.14432023616084
-0.627928927091941
-0.0799673536187672
-2.60477504312209
-0.671847578969016
-0.93482755386983
-0.685573877855588
-0.915405084381676
-0.653892342927286
-0.158500401900165
-0.815538547346594
-1.67149149476911
-2.24514306194546
-1.07086830710236
-1.12491188022038
-0.66043977188721
-0.710605479043522
-0.49639573317986
-0.769209575602507
-0.993794473597527
-0.59878800106643
-0.0408370856028029
-0.480737024740067
-0.0961488428010594
-0.556640761600538
-1.75525593211631
-0.503998144719724
-0.580674380229247
-0.951915672661456
-1.26244949717095
-0.514874302161116
-0.685561415971552
-0.450153246951848
-0.423376917982838
-1.24441979443818
-1.45159235609998
-0.653877325024447
-0.538864681441352
-0.247307649562979
-1.46596596952716
-1.0944380583632
-1.35567546551662
-0.610482883652323
-0.640787889711505
-0.651753228585552
-1.59404902389859
-0.604827805226705
-0.644170502388139
-1.30123595204878
-0.728917396358875
-0.688359050978587
-0.58465168195008
-4.16583811188136
-1.48453172824112
-1.64853239664117
-0.183166431694642
-0.626701723272605
-1.35230441400268
-0.323628920701093
-1.73272356603417
-1.58381386785057
-0.976159451491679
-0.659037535835804
-1.41257502384981
-0.739455615483912
-0.327143333694322
-0.630372461850036
-0.734258479174743
-0.556247006012298
-0.816044037616819
-0.389706947182453
-0.942024752610585
-0.301643763992581
-0.589628340800616
-0.75479383076959
-0.343230422824176
-0.267051380586898
-1.00881418068743
-1.63476368873352
-0.782023443594447
-0.109129047792398
-0.750986851521129
-0.831671052464724
-1.39342605923542
-0.484246091275642
-0.162663469155564
-0.69038180764981
-1.4103896076901
-0.472935585582766
-1.06324861076895
-1.36310356462504
-0.918376022682561
-0.795279540544016
-0.718079348781301
-0.550529934055271
-0.236151312874409
-0.348816723281368
-0.757553334692253
-0.328834048043323
-0.719878386386354
-0.410808124853991
-1.42558915809105
-0.754293931047947
-0.919379282171536
-1.36175990807944
-0.0325481887742106
-0.0730884083190559
-0.476007827623702
-0.848703701139898
-0.45532369619288
-0.586312899949657
-2.48827086727964
-3.26238140585501
-0.725553065594389
-0.682592899747924
-0.592201857638179
-0.577725754890011
-0.785232325149648
-0.577810637332991
-0.381917292175382
-0.626660705611063
-0.911998982003028
-0.507786852984319
-0.859725442621566
-0.790229116991522
-0.710984118710597
-6.80796380995517
-1.61812183013667
-1.81336113855053
-3.92563995494336
-0.619764256161593
-0.805520496213001
-0.673467192511707
-1.34231691568152
-1.56232353050084
-0.415679542938007
-0.351466513774848
-0.267211933277162
-0.599517778724816
-0.913272476628562
-1.89038585961606
-0.115114018503162
-3.38612315014492
-0.790767070250556
-0.57470861416595
-0.0912661283030446
-0.828769915122441
-2.84149520104467
-0.854789511645835
-0.24787157253147
-1.42138301986862
-0.854892213843357
-1.10739972570634
-0.792783119311016
-0.858063612768768
-1.23885932995491
-0.203397000732852
-1.14262295786822
-0.783664245175902
-0.0615247136750496
-0.528720637646833
-0.72268964496551
-0.645328261883106
-1.02455776332406
-0.395845881422407
-0.980068262957197
-0.339320342274714
-0.847019111970715
-0.531632405041317
-1.83311568057502
-0.991169136355568
-0.619789817831492
-0.65156327417657
-0.734101018912934
-0.7141383984659
-0.665452112401782
-0.4824931383693
-0.672399687231436
-0.813671469715643
-0.937080835901798
-1.01065504581717
-1.11269143014484
-2.61203533326695
-0.688170152501466
-0.438461575251919
-0.633826499251344
-0.472630111551319
-0.820835151018714
-0.719996018762363
-2.03848162939485
-0.934265973112813
-0.0914560036660728
-0.969904236952953
-0.947499248580772
-0.681691820453343
-0.429306194420369
-0.704550236808735
-1.28991452019832
-0.531589717582656
-3.56311508560334
-0.699947595134318
-0.722933858651978
-0.832156936416509
-1.50968623375611
-1.11809011966855
-0.567618297941057
-0.948430545237238
-0.723467493240765
-1.95355653442517
-0.747606564989314
-1.53492724377391
-0.739716282968459
-1.14032363105878
-0.236723982412887
-1.06141782567762
-0.627155012043694
-0.480170602437455
-1.34446808722187
-1.14727792582018
-0.743654233627289
-0.557578144469501
-0.567994111532813
-0.242302199269794
-1.1451756063223
-0.678087041738165
-0.471507350535323
-1.94414612454788
-0.658195113375551
-0.30650318919929
-0.809148220511189
-1.00353603629317
-0.445111308447422
-0.935642336807391
-0.322489855510919
-0.378926649601549
-0.588706336387683
-0.606845911288303
-1.53601894277346
-0.0599124436322276
-0.391283600999957
-0.358502249169629
-1.1837972228061
-1.18858745784147
-0.486764120740935
-1.03002326714814
-1.85201661250836
-0.770598304235732
-0.652304958278121
-1.48752152304895
-0.54628992868383
-0.0328032781274379
-2.25450146621791
-0.658434699052157
-0.54134198778329
-0.253795682220702
-0.993866887027862
-0.715486180979376
-1.46620020705864
-0.795571942818388
-0.263277357586196
-0.556550640078028
-0.59127659906969
-0.357443327923868
-1.72174103076541
-1.2447302952826
-0.538271323788721
-0.468854329282403
-0.585792957769277
-1.51171225405784
-0.955104521057239
-2.94602990348443
-0.275462843025431
-0.720882257653334
-0.691392306452157
-0.674290158244429
-0.801081131161736
-0.522682184242679
-0.53064492784812
-0.394612973807613
-0.525804594106905
-1.77200179707889
-0.526785360192189
-0.976617119464786
-1.42019178883522
-1.90135004893918
-1.846321149838
-0.952044728285403
-0.240477516694273
-0.704463751572515
-1.31090383687121
-0.468033858182527
-0.593600596127286
-0.749546942649486
-0.497617670027589
-0.536531934374008
-0.15603679869451
-0.57867732865313
-1.06127783918189
-0.0544286453721358
-1.42375955131312
-0.915494057172657
-0.830405950682447
-1.29541214479547
-0.127195430148154
-0.96808864409653
-0.250137791834497
-0.555575182422831
-1.2106335523937
-1.07673650278127
-0.830222721272466
-0.603632248253436
-2.32693404436159
-0.794283457442286
-0.322780099710201
-1.02088880584826
-0.979578444652326
-0.650785220841735
-0.452119654011463
-0.613062376091137
-0.942100613873271
-0.304279453132578
-0.586300724461168
-0.668292323493577
-0.860965256352812
-1.21987511202688
-1.20243661517745
-0.526886998004491
-2.8365612351254
-0.766993350376073
-3.87250049214969
-2.72921506634197
-0.906630876130398
-0.733520724846837
-1.18432894781363
-1.04022543855155
-0.620321849559384
-0.355750246181464
-0.0378379480534174
-0.427983711643527
-0.833262218983266
-0.321993174534638
-0.51793710415282
-0.793962629365574
-0.183135570224463
-0.604190755942685
-0.293178418887083
-0.531047164715418
-0.610108938507502
-0.510940595054865
-2.54311474491858
-0.381881150782516
-0.521064123771808
-1.11279383089826
-0.32836277781392
-0.967098909883656
-0.552406269236249
-1.81674473264416
-2.15334463833213
-1.19214721302305
-0.830892619209562
-0.876499990382782
-0.851580710189885
-2.80996389583865
-0.351441700335759
-1.51494859678881
-0.500007697276893
-0.739933820045341
-1.32865279698402
-2.4904598660791
-0.556228267238517
-0.517095768057764
-0.740499453985014
-3.340143569351
-0.852515171277063
-1.4742246988989
-0.519213212312854
-0.760068207779434
-0.828628280486721
-0.0447831240635456
-0.474443333102378
-0.101384527867349
-0.640920071076566
-1.73059220914387
-0.917182527851424
-0.419368826300352
-0.976362511594202
-2.58819726876825
-0.263299053477779
-3.75650946497267
-0.252210091103119
-0.529465605350881
-0.492514735566508
-0.472304177743164
-0.849918301640213
-0.868381453709987
-0.364681544128337
-0.44495078634242
-0.57939573510838
-0.701328554817465
-0.510437234322195
-2.1406013002705
-0.562246580999999
-1.23527128087094
-0.604898002250917
-0.0232386783731111
-0.747773583312926
-0.618842060347247
-0.743693304067531
-1.13636776269636
-0.554972627499732
-0.842020270892716
-0.888737688794955
-0.595950261073579
-0.3180180179648
-0.868771190053042
-0.377957905741302
-0.196866317520155
-0.369046373161582
-0.599310353783788
-1.01439551535095
-0.64285144992833
-1.40524666267153
-1.12264343110979
-1.18646895020924
-0.456646194419488
-0.280775328150101
-0.451467763639973
-1.49067830083862
-1.34146324638218
-3.89221361221115
-0.317747642718871
-0.58155610617778
-1.30306862518939
-0.574732342052433
-0.60495473502123
-1.18372594822341
-1.27963816390715
-0.354834399360752
-1.19177786720267
-0.604753629363748
-0.425845156105598
-0.747804534103321
-0.38436956733544
-0.439543491027077
-2.18488438788376
-1.19215994999937
-0.97709335013024
-0.487800329543745
-2.82417604727503
-0.360810431160508
-0.706060241661615
-1.70954101418973
-1.19020083231868
-0.939081534724876
-1.22654021600675
-0.608257950231133
-0.213229856708045
-2.19187473460489
-2.58151429850357
-0.143646179989249
-0.479402252374501
-0.382805335374727
-0.424906123651867
-0.381622364984519
-1.16942461287432
-0.538769409816716
-0.742939574262551
-0.583919303154724
-0.278910370616306
-0.537781674806777
-0.736495944689742
-2.00746617233339
-0.414724667318993
-0.422384755399632
-1.31658559615703
-0.224187048814349
-0.590697698313555
-0.370559613041663
-1.07730890811689
-0.15543246103965
-0.507907091032166
-0.358637685169771
-0.52092499928651
-1.23315470079343
-0.615983612441329
-1.26957554095335
-1.50934714815577
-0.102825655481755
-0.946847625071504
-0.482222589351661
-0.626936253182803
-0.504759386060864
-0.606742817328698
-0.698378579786793
-1.71380043589815
-0.625484942675965
-1.50790595285335
-0.265794001236144
-0.156920099560794
-0.608363548668923
-0.340852702629248
-0.505467249499575
-0.513192411151613
-0.919410050855391
-1.26906922117543
-0.302100231448451
-0.865122175200796
-0.919631216979905
-0.428094037023726
-0.436710100820884
-0.314373793567771
-0.442936894260444
-0.819663100728392
-0.354373573315707
-0.794056080450553
-0.649860891101076
-0.489862887038537
-0.685182486162617
-1.34420368584522
-0.536222053425677
-0.268161122341589
-1.67424973948484
-0.518882723997284
-2.15081326305664
-0.703155866760335
-0.656556157818893
-0.49012477889612
-1.89188978375103
-0.413316093885337
-0.542852769224538
-0.503595262749095
-1.15051519885003
-0.408125272073679
-0.409570381185669
-0.492034806775578
-0.542795013557456
-0.370901823857126
-0.450070774678819
-0.790226380447616
-0.0905079705649553
-0.828104860084113
-0.727909898580976
-0.830894306768668
-0.315205463321838
-1.01940755963684
-0.203534295170303
-0.384459794522752
-0.691749008008638
-0.661466269816987
-1.45355041612112
-0.289440463354511
-3.2968362838336
-0.435290876295103
-0.723227236503998
-0.098736631298261
-0.168408677177142
-0.592193078287385
-0.942604971540862
-0.530173393841682
-0.962866905288524
-0.511022690535889
-1.73445295727262
-0.742931913843015
-0.428177959011461
-0.960540649868202
-1.01039428576027
-0.821781557069761
-0.935293351210163
-2.81574399744738
-1.44736572551935
-0.463378769335349
-0.079866515978662
-0.953528418642775
-0.864415714858995
-0.809656963407127
-0.282009832459015
-0.801509217943068
-2.10891239997801
-0.659342884772029
-0.531521912619026
-2.4307197287677
-0.586447365613963
-0.738158263430307
-0.649314835155257
-1.36207204472965
-1.44221089628361
-4.35008981542523
-0.765310852584987
-0.535090873671359
-1.79846678503708
-0.602919868467692
-1.10248834633966
-0.458375385481404
-0.453663516542859
-0.0885721606472067
-0.0762614525844757
-0.574249792480578
-0.63156253110622
-0.323573589454505
-0.671007160676141
-0.534405991658078
-0.287864693087416
-0.0658362138112473
-3.06177965400387
-4.71621617688401
-0.13461944745669
-1.19852414205475
-2.20832328791533
-0.265858896372448
-1.20724096533122
-0.524258874745324
-0.247807071321822
-0.520531732999072
-0.69684048942875
-0.787147550291914
-0.142511027417343
-0.506218989812443
-2.38889779155667
-1.19949475153694
-0.549988792589132
-0.514509971510579
-0.620231903177876
-0.429427354907662
-1.14409126325224
-0.581627392870252
-0.228014204375134
-1.03171175834548
-0.107576025847365
-0.49880811079636
-0.812791940517691
-0.428135211055097
-0.919988395664465
-0.720171626811192
-0.462390180199872
-0.620992739832694
-0.672834378106341
-0.657766120007537
-0.736578810087626
-0.55133690879832
-0.708771064664788
-0.416454712252859
-0.728535734916655
-0.251231867312878
-0.742848158329621
-0.560779345092086
-0.345074559599875
-1.79347187451765
-0.0785938915620269
-0.11429992299639
-0.538197914111096
-0.459091391291521
-1.20459667729523
-0.585980725681956
-0.26618184120727
-0.685400302274254
-0.36854830250201
-0.951516738206103
-0.305524292216248
-0.216854554560631
-0.481785211244895
-0.425593483891302
-1.6593196944585
-0.626049325741608
-0.228160085070529
-1.35589085398821
-1.04091969173904
-0.590969217452185
-0.671417147778568
-0.503962531391397
-2.18743214446749
-0.292713594491762
-0.842201943627793
-0.235847156310165
-0.624522204075576
-0.654489055656977
-0.47151125440086
-0.52681932742968
-0.460885882744609
-0.651899265453825
-0.307737377874796
-0.738184079337375
-0.0318142522131788
-0.605676549086189
-0.424655210118702
-1.21163017604009
-0.831120227425578
-0.455419380513628
-1.37701976545545
-0.314031260117125
-0.444928362699705
-0.322357093148192
-0.677855515725967
-0.285097742135148
-1.70576843204076
-1.24790822529104
-0.899842451521654
-0.571534952306181
-0.291050034017038
-0.278632110547894
-0.831786811118504
-0.970304425153438
-1.14897224235569
-1.25205747762389
-0.611715245511718
-1.30683726920483
-1.09204435381718
-0.404628864940986
-0.653602403603254
-1.45888025367881
-0.288872895783209
-0.592012638403082
-0.216398234139794
-0.168433740604157
-1.57426070121578
-0.256234182536315
-0.500641653591877
-0.140492884204552
-1.27346935057302
-0.933478059852282
-0.668467554821431
-0.876249656942833
-1.23225964633355
-0.345578142770606
-1.33938787072405
-1.6526592646658
-0.3973730598929
-0.576198670089704
-0.877233086533332
-0.273007161598386
-0.642551197559699
-0.567116039476902
-0.728483118470361
-1.26603553960791
-0.992881824735941
-0.0476474994871886
-1.39102776652911
-0.282993945656266
-0.371509781706164
-1.2625344948178
-2.33350711844831
-0.593540091106973
-0.577046155944627
-0.193371709246776
-1.23219828095958
-0.267784433520775
-0.437394938429958
-0.296967047069758
-0.213950092847213
-1.71889350441416
-0.556983779443608
-0.230947747045248
-0.216344770188871
-0.393909053992805
-0.561360676801492
-0.500467218807432
-2.10897468456642
-0.48073810027256
-0.569381444870022
-0.495977083041461
-0.944100918961357
-1.83446265869548
-0.646160014762647
-0.489019595834541
-0.432679368433019
-0.491417210614964
-2.99956720058857
-0.165022210331102
-0.711503674001884
-0.270635509001685
-0.159050379941756
-0.723434584411274
-1.80844271533295
-0.196087223419757
-0.460077181588201
-0.589904395845649
-0.233888267909137
-0.447729655399682
-0.0146493134315191
-0.398983638006647
-0.147357245295083
-1.53142391680714
-0.325085402215221
-0.044764706768337
-0.518244114514993
-0.419123947671967
-0.0355197656369685
-1.37600749298196
-0.253288809889157
-0.978058433254454
-0.631822189199181
-2.04128158195134
-2.51540966874559
-0.0358003470463395
-2.95978490538029
-0.106004344854785
-0.416662955806288
-0.17228163332541
-0.365169977111574
-0.466436837242971
-0.59144325320613
-0.32127169276187
-1.48082072206239
-0.658300748241773
-0.562895127760279
-0.316253881775043
-1.20658807233174
-0.233710797186475
-0.470357607507169
-0.00173915891669758
-0.688321526170533
-0.493127020463688
-0.730851267680748
-1.29988269006054
-1.63733926855837
-0.584878604366752
-2.51073745661223
-2.14966683667941
-0.418158928751484
-1.64549661991237
-0.336628286084504
-1.14650579725262
-0.673702279790188
-1.25267858994624
-0.901381219368891
-1.80140615230032
-0.81356913591781
-1.12935065370751
-0.232130760065286
-0.357867519368708
-0.393554327154967
-1.53483434947363
-1.28637077406409
-1.30352812656076
-0.728134741967018
-2.54867319337918
-0.256208020249293
-0.373123008575727
-0.596784094771188
-1.12532709889658
-0.0177753549541394
-0.292095851191109
-0.503409823259904
-1.52043116129829
-0.387066703299043
-0.78620860939771
-0.153563617055159
-1.02042148814441
-1.10248873130833
-0.306970808969919
-0.420383323133603
-0.458252263153936
-0.192053268277338
-0.550579031124229
-0.861551196913814
-0.620589174828178
-0.421868848601961
-0.388168123869601
-0.291389540636368
-1.04867353990864
-0.155533412550092
-3.31857298669196
-0.531231466548693
-0.35487920828687
-0.739791598355166
-0.278897975123997
-0.28559519213851
-0.595075599731722
-0.491090183652793
-3.19483425882701
-0.358748548091396
-0.646160231184083
-0.837160144294876
-0.551348738301649
-0.0227737959959593
-1.64525851964094
-0.174683942215343
-0.228730015106728
-0.326001185199818
-0.727507323155497
-0.523332189293216
-0.589037922061853
-0.509024794426111
-0.382906458182573
-0.234720086960784
-0.531248353802953
-0.601955824447019
-0.169972829485614
-1.03879777456593
-0.550862345740917
-0.683050074066357
-0.817482360702816
-0.470067216919565
-0.87050769880783
-0.356393350690455
-0.277719162420081
-0.704198697148251
-0.0364897539962488
-0.945975930382921
-0.547297052789593
-0.0749537133270634
-0.544254436150229
-0.662324971606345
-0.559448741218902
-0.515385184620352
-0.608092268958243
-0.56183829520796
-0.452617148391383
-0.55312040316003
-0.145841589520922
-0.446085933045712
-1.66186357073364
-0.355988236737349
-1.55499699842883
-0.352202238720454
-1.10179454057405
-0.522124613449059
-0.614495525385223
-0.762297645713313
-0.412909025769718
-1.84666485595028
-1.76793511880808
-0.662547093939245
-0.134900251185609
-0.531737548259565
-0.948138802091633
-1.82639573750736
-0.211069592703088
-0.53549135030971
-1.02563279194936
-0.123501639475056
-1.84120670920988
-0.540252897437874
-0.701007573931424
-0.801739139916354
-0.896743969745895
-1.37723328403416
-0.222842449233481
-0.329713094679294
-0.402869987598157
-0.047592705483621
-0.656438545453292
-2.42047825354649
-0.834838830846691
-1.93766215526633
-0.362406459619849
-0.323165192419804
-1.50375310773301
-0.957882051144338
-0.599135514788945
-0.649763148309451
-0.324318719549071
-0.596754534111506
-0.632548572748161
-0.0344567803501358
-0.868032562766592
-0.136194449085375
-0.349984910616686
-0.0846892084110837
-1.33001638662691
-2.41231008088363
-0.0952446611192364
-3.21138622606312
-0.441757879341201
-0.720429887858572
-0.979336530443181
-0.620549276056633
-0.421215422959661
-0.407326700432458
-0.423077440817019
-0.358855348559041
-0.305155662930226
-0.351701379073692
-0.424615382499537
-2.65831038269201
-0.167365015706922
-0.803810610397967
-0.799799869104734
-0.333812329491665
-0.410889015705265
-0.648293075914613
-1.46855211283028
-0.255719379069416
-0.605657064266848
-1.03155842028955
-0.370825453730501
-2.12775817893097
-0.608634906747384
-2.09115780045426
-0.389380108878813
-0.989894066562748
-1.36640391795733
-2.32656530027056
-1.37139749980113
-0.67826542971953
-0.523244504596161
-0.800543138807215
-0.373600175949137
-0.484410928063809
-0.000674991650742796
-0.884746511874679
-0.597714460054781
-0.58097482028999
-1.18411782209826
-2.46340898325376
-0.416271107490006
-0.436575471995895
-0.350707722481892
-0.170543507530911
-0.499716164413857
-0.574675599934298
-0.593143160306264
-0.194488617517657
-0.285171025434604
-0.210710520790978
-2.85610491540181
-0.37608795870525
-0.493350265089676
-0.339257278004298
-1.00792129682586
-2.13570691912031
-0.76395976413356
-0.134287859806696
-0.449446603672138
-0.0629436662313588
-1.8344760843428
-2.2740512241469
-0.334012127830721
-0.713614012050684
-0.589455966643116
-1.33771080361669
-1.08865057815971
-0.0634562971304382
-0.483200881458009
-1.26990319053581
-0.0149252531558873
-0.0250084256473641
-0.992809333197386
-0.441154547919213
-0.192931744467739
-0.462236176431407
-0.539729733164647
-1.02477222255937
-0.386590456949599
-0.695542911408617
-0.0350279746188071
-0.644401180866935
-1.98851873903862
-0.599698347446158
-0.320760507465602
-0.507254975635639
-0.737161133093113
-0.411594582514314
-0.0440403340416293
-0.00239849598799371
-0.446248730957045
-1.24984208005547
-1.94266879725291
-0.256808944941642
-0.98582277624629
-1.21662749994032
-0.305738827792889
-0.457529078678103
-0.559128698804608
-0.358754923337303
-1.01559870221125
-1.30179061095552
-0.305066420833868
-0.615815921094101
-0.462616846749665
-0.0540941893308114
-1.09105165185267
-0.195545211118292
-0.454644263621388
-0.986145791333119
-0.366143632609824
-0.929429050902115
-1.61840434594673
-1.51612545480496
-1.46085068691588
-0.139687122412319
-0.554327545213164
-0.473940821861225
-0.641858791716348
-0.295881405838603
-0.0255865514541967
-0.115288579131526
-1.72437900776152
-0.320864280332385
-0.570401275730301
-0.923944000520819
-0.0717961936601668
-1.10920228907305
-0.924462267740505
-0.417088741240374
-2.23667784254823
-0.384612435388995
-0.0787903233154348
-0.477936312892052
-0.0506629667609575
-0.783045420898135
-1.05362904548172
-0.0774090371866029
-0.785238331027269
-1.58211456562365
-0.500382295164751
-0.252142694123768
-0.308344189342108
-0.219266041291904
-0.76053598634258
-0.284526009864312
-0.0644127644292988
-1.75749861939545
-0.192905899621926
-0.167018680866594
-0.462233335758221
-0.0579746051949673
-0.249135363896222
-0.490141542193414
-0.671195481301742
-0.597881437673792
-0.704418600309422
-0.260436057828873
-0.623342598037222
-0.18543960036771
-0.327898119919083
-0.0116829960082663
-0.420904545236599
-0.389858871610158
-0.0836829280535646
-0.253230569432279
-0.168466776229712
-0.346512754642544
-0.169053945642951
-0.297565011180152
-0.334413571634439
-1.16077740581132
-0.246368262917476
-0.379935778407758
-1.17435060488168
-1.79681341446601
-1.57827342995995
-1.54996509147617
-0.380358973514688
-0.764693368123789
-0.527856508885299
-0.119370317211642
-0.201634325877079
-1.60279423423642
-0.277670693126599
-2.0136578908722
-0.403111644228172
-0.675222854639679
-0.174976732846951
-0.683358904497761
-0.471533736749821
-2.11713177502599
-0.193906545072065
-0.858413436828471
-0.311626361823382
-1.57921183832498
-0.332024614156998
-0.602283628145267
-0.402871769166248
-2.02721315942957
-0.208253602641766
-0.385530671436682
-0.363648235614025
-1.31571882972714
-0.147618127216289
-0.723525113822547
-0.0357093666369899
-0.560852211990627
-1.80955881306891
-0.152112109269512
-0.23568764760949
-0.158725882620291
-0.663665363233066
-0.408916617005311
-0.590779078193574
-0.0343555026897047
-0.389704922685178
-2.34858649400567
-0.713865567946055
-0.321750337605049
-0.131888932145729
-0.785068949185574
-0.578715945873598
-1.32351113710675
-0.392877543007128
-0.733463197853849
-2.01215138986422
-1.20162326311561
-0.215378967633525
-1.89989382823217
-0.368300908199982
-0.306805240521057
-2.35737309034598
-0.634621540727092
-0.413728473522769
-1.32672956168144
-0.637346336841801
-1.61896776892739
-0.627820746985521
-0.294740323051871
-0.356701765709186
-0.533160023812638
-0.836851605666627
-0.241051504759543
-0.173819064469927
-0.507557226188974
-0.426261897041958
-0.940410989507258
-0.361851797103108
-0.688357559473157
-1.36474714865374
-0.24213402670769
-0.788489689719113
-0.434298763868724
-0.282591476431547
-0.465881996850823
-1.46777576339232
-0.539985137168866
-1.89933392095259
-0.895390342044938
-1.53571023854839
-0.74970217129968
-1.90117187496135
-0.0519957586882221
-1.11156884205986
-0.350256099102471
-0.472281043077016
-0.372216595008081
-1.62721093160265
-0.400740672289272
-0.152724056696628
-0.605370956361311
-0.609458184156328
-0.607709496457259
-0.299960831303156
-0.307902792437001
-2.24427487361269
-1.06777299640153
-0.730644797975693
-0.00371060332027149
-0.245730835663692
-0.376883672058211
-0.0127342775381546
-0.432675563715776
-0.0296468945732318
-0.444419659220165
-0.585463539007764
-0.245367094319359
-0.297250827948494
-2.74701649988555
-0.201066177994837
-0.338693429979933
-0.666431647365059
-0.479702798540907
-0.092657275698878
-0.358840858203726
-0.530599921932308
-1.54986468544773
-0.480377882915567
-0.676027750453674
-0.342216789294437
-0.389973748914706
-0.42955144442145
-0.505635997821064
-0.146116544517201
-0.149301035277647
-0.524049386948263
-0.0782827469393479
-0.111448377923937
-0.583961035601606
-0.361660253418552
-0.724947754173303
-0.959445319767189
-0.533081963867743
-1.61801319924177
-1.7545730307291
-0.185509284254619
-1.03318900886969
-1.17811790794354
-0.382511919730782
-0.37825085768127
-2.30541375412793
-0.204277511978412
-1.11974030966307
-0.594789551812774
-0.932187962898305
-0.478324653386031
-0.905743524235107
-0.401026516746537
-0.615701181509958
-0.204047128628878
-0.337796235349775
-0.574108806219733
-0.168245890171335
-0.405839546928264
-0.621570981330762
-0.194417012059473
-0.113459117878932
-0.236664006911295
-0.463425210245838
-0.602691597582628
-0.353898254510588
-0.0934932987237879
-0.586363643068345
-0.383347879251144
-0.157625224312396
-0.632837596671096
-2.12925459808047
-0.350463258497554
-1.51188007234968
-0.438288518663007
-0.135816766358066
-0.436075120781251
-1.98581568315212
-0.449564437545037
-0.195142218389801
-1.09350326079239
-0.983674929574375
-1.29464778701614
-0.0149841955058919
-0.926566946360297
-0.664122113978179
-0.339691715149237
-1.21428086772562
-1.31693185114841
-0.152443803498396
-0.259629199099427
-0.410723138101638
-0.583716706215797
-0.541400711763651
-0.35469626715708
-0.732785817265066
-1.55255026918466
-0.0579641556051872
-0.391981105111179
-0.526313469092826
-2.33679481924154
-1.91202993242229
-0.488459355723669
-0.0500501344080227
-0.234780203745816
-1.57417451872046
-0.276960165927769
-0.0134585499501647
-0.174435671472542
-0.379652820945734
-3.22767254265166
-0.373960249445459
-0.354384780132789
-0.786100915242206
-1.31927467145887
-0.325342066625332
-0.458357142526897
-0.00661922982429758
-0.310076764544244
-0.360416403356119
-0.315461405419477
-1.507593877857
-1.03633400371634
-1.99306322760979
-0.412828520910433
-0.74022430780799
-0.14915727894967
-0.675873048173686
-0.490506806398912
-1.71014427494777
-0.399640689677601
-0.519061258261463
-0.355475221088675
-0.435766206669576
-0.494275179806107
-1.15687523135142
-0.274792881959999
-1.99749027915483
-0.123856240249143
-0.296384449891522
-0.888697642159516
-1.35466018586059
-3.30572207014475
-0.137079266481097
-0.00217277946378075
-0.0269993478032387
-1.61926349987565
-0.541513642829103
-0.496703806916454
-0.937650182132538
-0.139128761615917
-0.298012208032207
-0.0745694049768195
-0.72719724873991
-1.39308434443362
-0.436262691726014
-0.580001896142495
-2.95817910793696
-0.360942363874291
-0.845625701656987
-1.43306227648477
-0.759039571526222
-1.17279692352862
-0.46082412190708
-0.23058995572945
-0.209461293268756
-0.419889811968717
-0.434866223998051
-0.0985815490771225
-0.28494775568925
-0.194715483652274
-1.43135899052219
-0.176710071928675
-0.413566135287031
-0.0916242336321555
-1.08264518023729
-0.235235603640899
-0.619819073879876
-0.303059100736234
-0.556867303119441
-0.977440659529418
-1.06915352279815
-0.737177917256521
-1.86907159909789
-0.440793313451759
-0.327590118581304
-0.34744117797402
-0.055956882440893
-0.578324653422559
-1.07448862599594
-0.689764738846103
-0.902655630951413
-0.152611887881926
-0.34128934780975
-0.0237231529039025
-0.160591049523803
-0.239884440784198
-0.920347590068771
-0.32882991350389
-0.231933204942425
-1.35271618963979
-0.467912120408501
-0.31521524770271
-1.94215509545843
-0.589312382766291
-0.440004805906089
-0.817518411266758
-0.201137697436929
-0.591952636448757
-0.52946848539103
-0.0328011972044622
-1.06807518255308
-0.284261197630189
-0.302062033805305
-0.454588794473861
-0.00035233011543566
-0.0185657745978201
-0.350616514824657
-0.522012207240539
-0.0576789244631924
-0.373441630131425
-0.504075836924142
-0.362412263150063
-1.86560665341348
-1.82859626454613
-0.272997546630173
-0.210991416658397
-0.418215379744422
-0.104256485739174
-0.497245508708592
-0.229087518996804
-1.8896313623048
-0.089383920536938
-0.477622868963388
-0.0248324951621414
-0.734795275028307
-1.03889057770288
-0.743884428603669
-1.21889439602481
-0.465244752615331
-0.7956464510681
-1.7319220787513
-0.332229564610713
-0.622742774760954
-0.455016247481738
-0.0301380716886449
-0.288468120496806
-0.430835258745018
-1.3185466527785
-0.300140067733912
-2.29894118092993
-0.144260204645104
-2.73251429543667
-0.214588404259551
-0.427651340839843
-2.37469962041077
-0.259059418034208
-0.928501099666994
-0.295606621308323
-2.72233103236016
-0.377050611401554
-0.77758089363685
-0.104189194240656
-0.351553002636371
-0.237754327013447
-1.30064893522004
-0.0556221485716952
-0.694086870827618
-0.30921194596679
-0.619231715136201
-0.376866952706006
-1.65828173216029
-1.25954121930484
-0.168359853434765
-0.628878678208898
-0.201835784113561
-0.907004146261311
-0.972346684767662
-0.967703736594989
-0.0331057253879979
-0.597931505030365
-0.0297133687756846
-0.291106336530304
-0.338516544153989
-0.256520447675297
-0.137765710932988
-0.418330623467344
-1.05376885371077
-0.847303444249568
-1.95306715191162
-0.201713199020017
-0.514783017397787
-0.0282183394775812
-0.147191806952012
-0.257648018519868
-0.192043987159384
-0.185606845417629
-0.868259651940674
-0.553389999023076
-0.110872589435071
-0.516555438487679
-1.96834390115191
-0.356564826140489
-0.210450455610975
-0.224014533559095
-0.378989623320316
-1.95329999184853
-0.295158168581066
-1.14510810981958
-1.65795469884417
-0.438740091598811
-0.307548015948704
-0.586741331318024
-1.7983960635529
-0.0996756173661898
-0.613390865207275
-0.820039989300473
-0.024607121245872
-3.10299629615389
-1.75000715780154
-0.43272420602238
-0.339021722500282
-0.424278662592603
-0.32480084339528
-1.19944135979674
-0.228341026235467
-1.71664988159896
-0.625567120382911
-0.542941744570587
-0.189909618412746
-1.57668779760319
-0.459382879455706
-0.719803175367526
-0.154894340356309
-0.394982395474677
-0.243162624785323
-0.102759678575585
-0.225804469612416
-0.62093928087497
-0.240926713582454
-0.412531166962199
-0.121391082613238
-0.443692947101258
-0.00634074432243668
-0.528338121923428
-0.217238446177904
-0.392969348820659
-0.103481276520329
-0.179302403801189
-0.130227364750083
-0.127095150934439
-0.353236446432761
-0.616854843438109
-0.361120324043596
-0.533726152233479
-0.200680902799581
-0.793758376707435
-0.347447898128605
-0.0459845149013033
-0.3564589358375
-0.43755366554897
-0.97273323818658
-0.708140887755451
-0.112442468087
-1.47233682831635
-1.23733129201585
-0.314783752688905
-0.342706977541544
-0.0154178493809238
-0.115167117658737
-0.497094168989322
-0.464979817040591
-2.65292158077199
-0.243446675023347
-0.47978796965133
-0.391818227889136
-1.53071748529012
-1.50896011414214
-0.839147813765535
-0.401920905100666
-0.3157357412734
-0.687058989091507
-0.54093458940042
-1.11379575315262
-0.171165408938275
-0.429547611524206
-0.411240279459781
-0.707997520228658
-0.368451500299575
-0.579002037486938
-1.71365597827185
-0.939920408882963
-0.36558654012872
-0.437965530872409
-0.40915801331921
-0.0977623289002618
-0.91271444322418
-0.78434207875425
-0.291853349946489
-0.636319881283266
-0.357073440889523
-0.43392431151398
-0.119994400378379
-0.272400814640404
-0.842432271944667
-0.291614519649242
-0.255927706537515
-1.15317381834373
-0.0797854125391524
-0.0492698642245318
-0.403803817727099
-0.0106353585465856
-0.506123690688738
-1.09468008197808
-0.173844626023293
-0.463823426412599
-1.50195855434952
-0.27678512031
-2.11443192665507
-1.169149197496
-0.189263292652148
-0.906113795484432
-0.206383172790605
-0.310148727898455
-4.34893837037659
-0.907195987792911
-0.774178556678947
-0.251782312063655
-0.0105428432855389
-0.495315073728563
-1.73614948587273
-0.680829058341542
-0.20462769485645
-0.215707097891376
-0.275641503236009
-0.0814596976419309
-1.9766185356433
-0.445344123374848
-0.175762637980261
-0.635286590760172
-1.2765935445132
-0.363503786475657
-0.338712574107027
-0.262155050536291
-0.125356101697321
-0.214320943808711
-0.629745025973297
-0.29792224361125
-0.567445294113527
-0.21220897058629
-0.106351039129665
-0.0740139156053546
-1.40416835274504
-0.581754334870243
-0.308138582929739
-0.304108725911199
-0.93322529619349
-0.654425122704983
-0.193827556446531
-0.344874471151088
-0.479050909660383
-0.296422155458291
-2.37259207489295
-1.57566880817426
-0.330816832746474
-0.247267030022598
-0.241462750235825
-0.582923590535741
-0.57507766683963
-0.787834256924714
-0.151823183664055
-1.1975957811669
-0.31444120053602
-0.240985269392617
-0.172153324357654
-0.447090456889108
-0.15899878261541
-0.458662551898166
-0.250015373149498
-0.581079210311645
-0.195571339728298
-0.378998710451166
-0.00436620195896423
-0.691932343429691
-0.647165273919782
-0.138980815086602
-0.297325732357226
-0.997827807291997
-0.00265282141352524
-1.13982368486706
-0.862706355625453
-1.42567794276513
-0.203777613930908
-1.14431121446549
-0.645889523541209
-0.928286727692199
-0.48746801602527
-0.970342641493249
-0.443487226652723
-0.113863193205755
-0.251185265340245
-0.999014692794076
-0.292559402848178
-0.338072523000389
-0.508052306414315
-0.812772267569127
-1.58339853293316
-0.316737572655048
-0.97598486577253
-0.262487134709997
-0.288098212637611
-0.343002475002959
-0.625772229119112
-0.176772559962048
-0.600545425960832
-0.314818690008906
-0.142589713535133
-0.511837315917127
-0.262946837689077
-0.623618833612156
-0.342279481554019
-0.284319139534867
-0.273622211845828
-0.259610890100063
-0.689859539893524
-2.14892544822438
-1.01933322543737
-0.408118327534197
-0.45099091455281
-0.0936342440531461
-0.689290345254987
-0.0256764337345899
-1.48122810630439
-0.382385787525319
-0.308566798361872
-0.426557427270889
-0.101857363092752
-0.669747348490937
-0.0454303355968083
-0.347882261514905
-0.162592213781326
-1.69466091805404
-0.13154456999562
-0.167224871542301
-0.528752930326989
-2.11177011526294
-0.288634257402246
-2.26032392832119
-0.514359921622191
-1.0648023609694
-0.169088994705504
-0.431057924966538
-0.470450432544454
-0.262614672236104
-0.650361477319275
-0.819258350789617
-1.05413112906634
-0.286243976067522
-1.72511041122432
-0.746787618044814
-0.0555358445373813
-0.585967110261
-0.441997707045067
-0.346086055534201
-0.313427037379445
-0.0336792470627053
-1.46289520199233
-0.257320015174739
-0.161981187809572
-0.469011850882763
-0.583187350075436
-0.208029936122052
-0.744760746791161
-0.245667836034095
-0.0125391600437021
-1.77786076788713
-0.216862567559323
-0.263153243468567
-1.59688491591485
-0.988308122729153
-0.496184274781838
-0.249341174356959
-0.378110567839745
-0.129739731199974
-0.287679003597464
-0.661098710785292
-0.618126867396954
-0.437918485628281
-0.420527568827149
-0.493193285711745
-1.17173054367934
-0.980170492141745
-0.383558661283755
-0.584377885065036
-0.698695942893644
-0.15772485166068
-0.753482607004884
-0.425279952851579
-0.422431740692611
-1.79061710662073
-0.393257753881095
-2.36121699973069
-0.231570330937785
-1.60822027227504
-0.177057049878757
-0.708368486877187
-0.056814367447238
-0.177945712653971
-0.32466259213292
-0.515430112391994
-0.204324398326294
-0.0147127562756041
-0.324346068751527
-0.228608643146352
-0.371191132430438
-0.0782309922528226
-0.646810842336996
-0.434448812306276
-0.514263481988873
-0.00879712495666306
-0.259383654748196
-0.591922638786678
-0.345648419616817
-0.561800310583157
-0.452881892711629
-0.138048545085795
-0.369762358262504
-1.48639111189706
-0.415546916373989
-1.00619726879957
-0.0258040349424776
-1.81616955230897
-0.858384493139488
-0.00687688903343009
-0.317655248093593
-0.616490588085667
-0.140810067485423
-0.3895226620365
-0.227503878084274
-0.512929136878379
-0.0778687345012373
-0.897256095477016
-0.500353020762159
-0.228000402489017
-0.355271278583164
-0.811310786827828
-0.347077554836048
-0.225572611948431
-0.430444442280507
-0.259200060838521
-0.870161085056738
-0.703130245195284
-0.273731660069674
-1.29065584660439
-0.42146258497338
-1.66311595343398
-1.44031095446696
-2.02811084021466
-0.180391591812228
-0.718903024703101
-0.10922487421884
-1.03089178345435
-1.02419412213386
-0.713837156078191
-0.65984964978865
-0.0877788811837972
-0.391222492382006
-0.328339924221678
-0.221602449223936
-0.547707500095511
-0.595846369613745
-0.608012060389767
-0.305998411077786
-0.619409470830753
-0.214265592029691
-0.264897728824701
-0.27003370511362
-0.483382903889116
-0.090291076420687
-0.750097559221187
-0.270784595151824
-0.849018960921192
-0.25174652134868
-1.07405860690327
-0.464045666575318
-0.299934160692843
-0.755887720573022
-0.632333787368854
-0.45858566610782
-1.36410574027054
-0.00215665912613381
-0.545589452005204
-1.03240516630869
-0.319113186857126
-0.022691112506669
-0.0149778521934745
-1.18657084156797
-0.90628027462625
-1.27771845886944
-0.114572717552193
-0.297288942364393
-0.787947415858683
-2.25271289707331
-0.494835494649814
-0.348413812898629
-0.377787180044953
-0.483013240565144
-0.207470041908133
-1.00179497068637
-0.184479508509829
-0.133169050777427
-0.387901697040516
-0.393980095274853
-0.219372208816876
-0.376180413063247
-0.422670114138042
-0.310075839306405
-0.272148842731544
-0.215024857310091
-0.808176496470925
-0.940347387277702
-0.536561064913343
-0.286002029248891
-1.50086272841871
-0.154486478676627
-0.607697126022556
-1.08650275111044
-0.786976242560638
-0.468454928770275
-1.1550600303477
-0.829475461922773
-0.387977282780418
-1.11512435890709
-0.322960142265458
-0.250370915886012
-0.731690324293147
-0.668542201874245
-0.740276951159046
-0.0563514635646742
-0.308047624100582
-0.148420014728529
-0.183210496453112
-0.131643397664841
-0.322796450046349
-0.950818713982721
-1.47571356829236
-0.00498460868757963
-0.308597735327188
-0.109321303721298
-0.337942996511937
-0.336728985586158
-0.417259080059038
-0.0982510860222413
-0.63604400337611
-1.40511172772368
-0.213674717343747
-0.101341600399795
-0.304855376410285
-0.926823407765164
-1.32238261683731
-0.59333515439565
-1.05893274904133
-1.69991976551295
-0.375174943885839
-0.194649165715057
-0.149218886459963
-0.0115838017103139
-0.271664756007158
-0.528066379656291
-0.117523730990131
-1.76068378615352
-0.156477982196824
-0.469586892176303
-0.263561816386852
-0.249655859147853
-0.176170604876619
-1.38882175536385
-0.969156065252679
-2.11745110632922
-0.293286882249119
-0.201970454430366
-1.80116810579796
-0.241803115189077
-0.190113087418336
-0.514685754231606
-1.0758360257215
-0.808088270781112
-0.40601796144815
-0.412954606554409
-0.187986863927756
-0.531601733166428
-0.186095007649865
-0.580253623991849
-1.26504215985395
-0.381434461352778
-0.339177528887868
-0.220792614956568
-1.007673208568
-0.215469236370751
-0.339395157868187
-0.0568008204606969
-0.23283165572637
-1.31383595072148
-0.284828401897408
-0.389489472396887
-0.245925434776928
-1.17423163081908
-0.0981384818606517
-0.220382478542578
-0.183743283025552
-0.434795572819905
-0.547435993293007
-0.501073886262736
-0.793838033978606
-0.370115129867847
-0.203327981616909
-0.37508694708702
-0.755895404586089
-0.281820099375293
-0.204183659523603
-1.24017998948533
-0.09381217686534
-0.26945563587675
-0.113898700115921
-0.303612417977901
-0.487416652851667
-0.397022293423619
-0.730521892755941
-0.37186157993912
-0.373492328680773
-0.381304234202156
-0.119087223157426
-0.0990258665111657
-0.468639289013275
-0.357474431319045
-1.31459829771346
-0.317240061716453
-1.29328212827698
-0.0761361749680221
-0.974378316260405
-0.138749452653014
-0.0438618283437046
-0.488234247352022
-0.517074569643131
-0.176303121685725
-0.199748137881848
-0.0295254713917512
-0.828256582093574
-0.565764253440296
-0.174826803293793
-0.567662484151475
-1.11683412767186
-0.181356637792984
-0.493366774366627
-0.808208646228889
-0.0761101485726605
-0.592344025667174
-0.306246682322578
-0.931007846531877
-0.997954546359781
-0.447005360161115
-0.369489653668756
-0.55472661448041
-0.363516991962909
-0.514034130290488
-0.471329092276665
-0.211386003013587
-0.398949998804666
-0.127964471095207
-0.142178715119232
-0.0430521203723911
-0.552604278338462
-1.30939482042813
-0.609161289352251
-0.0371452644740896
-0.434196465665496
-0.346941701346549
-0.126708534420697
-0.429547960049219
-0.115344739458383
-0.603555786351035
-0.340992544907056
-0.0520028432451555
-0.397755271049088
-0.137405622130109
-1.37142281486759
-0.122437530607645
-0.512666353595816
-0.0314419410913696
-0.279566682335817
-0.913449206188022
-0.470898535949683
-0.196468110205512
-0.284718251563325
-0.168487866536857
-1.0647756071965
-0.905535259886111
-0.341801013369957
-0.172541520564187
-1.00557226969622
-0.54265392149472
-0.115841157190121
-0.0114120992100756
-0.174281106052924
-0.143853776973711
-0.0415746453826642
-0.147962699945892
-0.207855714635016
-1.40855110884685
-0.612795192595641
-0.390893466859074
-0.451310811160628
-0.295960542382829
-0.285060674799111
-1.11732480282603
-0.501205190589371
-0.737666539619648
-0.278826860465943
-0.619562093993613
-0.420889278682454
-0.0653885072717544
-0.108185646821849
-0.519748540431581
-0.338356581935557
-0.341199935085957
-0.0582911511500823
-0.21520054868795
-0.193853022862383
-0.301141262991371
-0.272320292279878
-0.238565714139155
-0.604001173612884
-0.239157932044138
-0.234723776877552
-0.869540511072744
-0.59869787244813
-0.749709955657143
-0.0979347255518154
-0.132289672170446
-0.288624730035189
-1.8066398574576
-0.478378903470315
-0.206027980670687
-0.37271256700239
-0.16787430413323
-0.419085535498759
-0.13820362083049
-0.217591715530735
-0.0157709814567934
-1.5171296175426
-0.239932895603789
-0.543066713273683
-0.497182263975618
-1.1007421758712
-0.171962078064693
-0.449071332809327
-0.220572554570225
-1.58038905134086
-0.0916072798824531
-0.378752888962331
-0.569552212380218
-0.46484189463369
-0.0877290021860291
-0.0169978354686268
-0.373892017260319
-0.198877936107308
-0.214859613120974
-0.260935927780176
-0.376261958343516
-0.577425185267284
-0.00114017721419343
-1.27412854315781
-0.940086063835275
-0.437759643642382
-0.0361494266926705
-0.227362424292849
-0.250441237799148
-0.463894076042043
-0.489478062130681
-0.57683868055531
-1.73840490612856
-0.310836982671415
-0.34203583955839
-0.316977968810149
-0.091136956713144
-0.454912582102784
-0.267848966143565
-0.409595789692429
-0.533814476083654
-1.06457375996909
-0.329935925869417
-0.406041922204102
-0.146752890058293
-0.250073957359196
-0.436566818105213
-1.65216546912198
-2.02457222782602
-0.131432034740996
-0.0583586015356723
-0.286785078740654
-1.15227885787676
-0.496834924487744
-0.640828206041111
-0.610782201270592
-0.699244154723223
-0.375559959847362
-0.0188511438116171
-0.68976341962685
-0.678094227698591
-0.78709263015611
-0.217655969310922
-0.842856866545176
-0.636266040805827
-0.116754352799929
-1.1374848211601
-0.238115018896844
-1.27257132368571
-0.308751882932006
-0.642084516941851
-1.21766264026401
-0.240946893643771
-0.322089799815965
-0.437700572558009
-0.307705232095739
-0.244991159037421
-0.897072058710687
-0.897640109125949
-0.304869631421688
-1.71808058104818
-0.236605399999005
-0.0507609096051725
-0.315702943171072
-1.59324731638073
-0.146561612672926
-0.449649705324476
-0.27487646389816
-0.251859815869941
-0.0750572897122465
-0.156164898686017
-0.364535015722587
-0.0213425989472215
-0.226400280806569
-2.66340661196339
-0.496374117384125
-0.427941820122821
-0.107326298457266
-0.131063709697963
-0.498573008568119
-0.250719247996129
-0.279839153678873
-0.505605500486968
-0.925487973910594
-0.391798596954342
-0.881452079815984
-0.336063542396811
-0.669005888663644
-0.307892306976701
-0.318060312472955
-0.384998201925164
-0.259286988342091
-0.317427710435593
-0.382860608728182
-0.708514127431894
-1.86208809443655
-0.594686303009142
-0.299044070047818
-0.123165439602487
-0.174089673940085
-0.425098192602733
-0.234445738043483
-0.997956161397727
-0.207755853569179
-0.315426650746101
-0.0610835346670046
-0.417127615692335
-0.365002267922436
-0.406754843352113
-0.502432207711614
-1.19622257802237
-0.310152239860092
-0.113659709042195
-0.370335117875459
-0.30163109835036
-0.453020856078621
-0.000189976774411204
-0.984213330719178
-0.303047133702917
-1.62956289688398
-1.8580075906344
-0.923471529762257
-0.301397196689417
-0.221988951783133
-0.62417587744357
-0.721814149949185
-0.143587665783444
-1.30849544232229
-0.00543874981330575
-0.389349970223627
-0.173875479643988
-0.301289007946156
-1.7169156464739
-0.261913198455741
-0.48886977744156
-1.31689175533476
-0.56676074023916
-0.118606122786275
-0.596490980171886
-0.164687878847504
-0.0757315187222488
-0.34598894491526
-0.352525894150324
-1.1800634290953
-0.617733119949409
-0.487820207270086
-0.0567765453455698
-0.514080302785508
-1.10909103566326
-0.787783283557479
-0.38970489669021
-0.403377560851226
-0.13672798012266
-0.117317249147556
-0.575444609775985
-0.217470313069576
-0.119832763349908
-0.0295744626964559
-1.46700311130486
-0.854617293657295
-0.304732272710111
-1.60018246670729
-0.448926334364029
-0.108048898968208
-0.407571938352972
-0.37188453516249
-0.0819910991928128
-0.210213283692629
-0.851158920415936
-0.493203267668957
-0.201005617286439
-0.508422937573481
-1.42933725036664
-0.162532525485546
-1.04848629598469
-0.309004057226621
-0.0843617344567298
-0.145874669194849
-0.00726286087378859
-0.228344875258745
-1.0335796441077
-0.124912739805146
-1.61590652205747
-0.843912452995986
-0.474396213684675
-0.817657921953758
-0.52148233202611
-0.431230691971127
-0.00539851378766316
-0.894891080220904
-0.36304532096166
-0.41502567830673
-0.217616728987505
-0.3959138285333
-0.469965579681026
-0.223506608278284
-0.829469725441618
-0.292654363364557
-0.00884297039628567
-0.316897000485684
-0.721678394122212
-0.222301765776958
-0.261758024949471
-0.624479649539618
-0.284448820157256
-1.05567524246097
-0.356262826930912
-0.426466058080404
-0.275652261561797
-0.198564219513616
-0.617074040069093
-1.250239031291
-0.451657864733041
-0.968634478478951
-0.557483451627898
-0.764722634522676
-0.949118248088186
-1.28272091122468
-0.676003088964383
-1.64958886720109
-0.0255438302774388
-1.8650029605632
-0.0792551039288342
-0.313264181226465
-0.105212292109241
-0.381982608307906
-0.205484179699142
-0.199610478276347
-0.307246393854945
-0.489718341794187
-1.41224358855881
-0.362949348045998
-0.26291416742514
-0.388348492419737
-1.94359230502134
-0.598304978428976
-0.120053917203448
-0.198082732691029
-0.262851678583315
-0.542718475133649
-0.771362168132092
-0.745559744968624
-0.361331423730826
-0.336364439822788
-1.28355934923999
-0.351411989102542
-0.598184027533064
-0.13258045268704
-0.665036447831038
-0.09040798260385
-0.636206355237429
-0.445681853333619
-0.391419102206528
-0.269304914254548
-0.197696035523768
-0.529237711772002
-0.749324900076795
-0.307393194701361
-0.0592998045292199
-0.286872143995643
-0.0242818382830086
-0.304063355587342
-0.492629516831493
-0.257387026455455
-1.25053037632214
-0.331371157893619
-1.72267165106318
-0.242406388974496
-0.444293022109892
-1.12076644555604
-1.5686133076926
-0.279814716082719
-0.0126843220949806
-0.146089388006475
-0.742586695645984
-1.57461125464088
-0.681740695247214
-0.204369057814782
-0.228896370099439
-0.140892910005454
-0.833750528901005
-0.79453106708759
-0.404098180621979
-0.0285503370180889
-0.317914786688096
-0.707656183739786
-0.12007239051481
-0.408430147590611
-0.369705112776913
-0.506867753613308
-0.29207270075245
-0.0646993973581453
-0.196520710209369
-0.839244770523084
-0.233265789001509
-0.0588080856050183
-0.882730689428391
-0.125141409113536
-0.596786847016401
-0.458961415775945
-0.335825427522617
-0.172692807811301
-0.280253117980127
-1.28620446900616
-0.148138749763055
-0.427743240589831
-0.10345045502976
-0.21882887291751
-0.804891467703198
-1.64747867982727
-0.422612922068107
-0.35040106617606
-0.518517576375111
-0.108831942666129
-2.42265187311333
-0.612055356723003
-0.102234518730627
-0.599701089494591
-0.261078575170919
-0.31178994986034
-0.156581976262676
-1.31612884312148
-0.395857614004442
-0.288644777865207
-0.0444805981273898
-0.115387806007419
-0.164972657101243
-0.712943898356702
-0.138714029576014
-0.255762598325972
-0.207737643252043
-1.31783515589216
-0.0563201272822207
-0.421236792275035
-0.132767450670047
-0.0841686832994325
-0.852345185269889
-0.0879997438621528
-0.0242315245704131
-0.653991886819334
-0.974757700342363
-0.0858309883875265
-0.547464783105571
-0.921861096946222
-0.0543777709106585
-0.538185493922702
-0.39485352512976
-0.013375360296782
-0.528310584384583
-0.267796743690596
-0.584615915334435
-1.18457504130192
-0.280287141625472
-0.606034208663256
-0.445642475033895
-1.5621794131611
-0.201922842436628
-0.733689523415591
-0.449702666570391
-0.384360400052461
-1.62497326286991
-0.212719528702878
-0.0105008087030348
-0.310003803800404
-0.500657896658058
-0.319023944691826
-0.45295674742333
-0.0771717177301744
-0.829006349844123
-1.24549451529207
-1.07532568344685
-1.27141424551484
-0.787065327408074
-1.35825573592742
-0.338135657464557
-0.535658232525614
-0.00719437319891468
-0.139573983223186
-0.319959843772714
-0.259035320166819
-0.191721828763471
-0.729187716700668
-0.895505730756738
-0.967086826898044
-0.303002902912088
-0.588017942832628
-0.392776763090142
-0.480296115839761
-0.168529047125625
-0.147192267073631
-0.136553248947315
-0.176608555160479
-0.660804547954002
-0.117050909600004
-0.354484580462951
-0.592737908265926
-0.0608988758782637
-0.509948035570392
-0.350787983185399
-0.318383502244791
-0.90589584529664
-0.621239649872041
-0.235049740327226
-0.30790933912653
-0.00564857906246779
-0.145388534455662
-0.0607289603085832
-0.916476560211309
-0.390029777364239
-0.22240491594967
-1.2108859265412
-0.599926809714384
-0.21188453510433
-0.498136466807204
-0.928741794812738
-0.720572027453632
-0.536754514046894
-0.604235355892648
-0.127470427363635
-0.912327037127599
-0.460047429777269
-0.931828402466398
-1.10758488208626
-0.2807968941806
-1.60495458367483
-0.0646456239284118
-0.219446157874675
-0.587883761373897
-1.04622472956033
-0.125718189718671
-0.315901087072769
-0.0662904550703175
-0.285427425055176
-0.526767344893628
-1.16505994496233
-0.367161019693381
-0.608117439361659
-1.01756781881779
-0.150914722675731
-0.523787604095948
-1.3461796438279
-0.928143528851353
-0.37224415394893
-0.100237008766454
-0.209895748045526
-0.14725936833528
-0.40469253008047
-1.42353737735007
-0.698626850290736
-0.276094777740028
-0.0194505184151985
-0.923908088420919
-0.294250796521312
-0.539306667399322
-0.297567874063304
-0.116528415759559
-0.382717109446325
-0.864753622995582
-0.48343767154517
-0.249526994385291
-1.04190334718242
-0.355178780618582
-0.0772566811391452
-2.03306120040458
-1.43333577389362
-0.0800709900762193
-0.462922876073384
-1.01019313878776
-0.312649288694113
-0.503027769876157
-0.359070448041381
-0.622355376877333
-0.377996270546964
-1.19521140323691
-0.826892455681657
-0.0306338628419213
-0.231889660204139
-0.119901200396736
-0.322344290489023
-0.161869915591922
-0.0289069495380025
-0.323469080027629
-1.47704959513569
-2.50404611462596
-0.291650107541296
-0.145027511242782
-0.728212827295025
-0.549009490617781
-0.342063638030881
-0.0840165977485622
-0.128169963906067
-0.216229785117232
-0.831777680664331
-0.388176006190016
-0.339382030931868
-0.316614863455526
-0.20769459546164
-0.822583266443987
-1.1087988712735
-0.0429904186075384
-0.934595652384338
-1.20931142443057
-0.756246412119304
-0.317801711397458
-1.1199483214933
-0.394873026659552
-0.668660484639934
-1.13038878236348
-0.499731916034122
-1.38039274970108
-0.246380832811489
-0.883189315992703
-0.239949921303986
-0.114397367264535
-0.0476903117074815
-0.0871193677622858
-0.165467745768541
-0.314038149826283
-0.0400450244394874
-0.767707751098274
-0.150603803531731
-0.560920641157577
-0.12026932113056
-1.02970576415776
-0.436235781604517
-0.600314038423158
-0.0126421715450326
-0.354077306005124
-1.4460830542463
-0.0931916421183079
-0.157976943665962
-0.439169028036994
-0.212875036608051
-0.611286953021035
-0.668799114809119
-0.0246202636538806
-0.109646264579157
-0.481370909363219
-0.108760763397161
-0.169317480793263
-0.138709500003809
-0.214702211801774
-0.697317971349576
-0.256388281753528
-0.00632376504475491
-0.219700745499255
-0.503475005606771
-0.241735261194712
-1.0886251087658
-0.0551741955648539
-1.38593849992562
-1.061131272054
-0.387162294750613
-0.289305309358096
-0.0351727153472792
-0.488822698191697
-0.208350534349953
-0.203259509536938
-0.124477116422758
-0.784558186596375
-0.270452456029054
-0.227681603727372
-0.435152608796954
-0.565176428094365
-0.449476653830157
-0.195357598021818
-0.00799903773535999
-0.169340945682738
-0.13003040584491
-0.340797523960109
-0.0344566612377988
-1.46421049283244
-0.0802303822652121
-0.301497358018061
-0.995211689718154
-0.0245204548414837
-0.226411715225345
-0.908829965539673
-0.318917830655494
-0.261225812919402
-0.414930806196214
-1.51098476826897
-0.272496988152224
-0.0748321058748397
-0.310439489518023
-0.332891525738573
-0.000140898568244472
-0.145673465609293
-0.279927151753419
-0.274020745109453
-0.887139774023768
-0.639052670523876
-0.043631760529786
-0.138145089192455
-0.814758460491776
-0.783286139962417
-0.00115228778896317
-0.2779397381126
-0.321194582039695
-0.0920423531263758
-0.647270541600041
-0.0146532648695394
-1.1251663871577
-0.232499391995625
-0.16009555668001
-0.117253440161981
-0.25937323074524
-0.0502864663838066
-0.233805259702195
-0.268415113221654
-0.670548110430474
-0.253558230130061
-0.313030468847571
-0.159506640473275
-0.0902285357416285
-0.782103052763087
-0.0221999128647317
-0.0148672595866207
-0.49980415419158
-0.214590913744819
-1.03599453475604
-0.16444992201425
-0.29850834794323
-0.699632793652762
-0.266011101915294
-0.157177254824112
-0.353550845165888
-0.0155347480609551
-1.15546176333979
-0.106442428346588
-0.949378690880813
-0.0643999496745147
-1.33242853415379
-0.285435976103904
-0.199956593422317
-0.465928449501548
-0.1861551076053
-0.148363113627206
-0.255261158048768
-0.533934726740886
-1.40997001495788
-0.0284837308700826
-0.369052192308598
-0.249047354533225
-0.870503168431343
-0.929498599338568
-0.281716094123918
-0.100562526086828
-0.543565707297274
-0.090849003848532
-0.421603114942904
-0.510758532452555
-0.248425057267754
-0.132597794182756
-0.190866534962649
-0.00827591802526697
-0.935326408148832
-0.0623869366310889
-0.0414751501972664
-0.118483947993668
-0.00293847087205989
-0.192992303042063
-0.0633311402982739
-0.0452416969402193
-0.877353127041042
-0.0510604110911015
-1.11450707389948
-0.40689519190142
-0.101209237662157
-0.0145590916605812
-0.301784225210526
-0.112618454442396
-0.36896009294461
-0.248311352259328
-0.440803704661121
-0.528389396600864
-0.558536034061846
-0.342186107932101
-0.191429692382145
-0.0397200430115347
-0.192301014323105
-0.294569297413972
-0.6117719445188
-0.278430877983161
-0.183050206554029
-0.333665404470238
-0.347047244230464
-0.222612136228425
-1.05506280005683
-0.480492617719074
-0.882869877785223
-0.305837365376559
-0.258891643630661
-1.28239677941892
-0.605907649454694
-1.79747988918768
-0.110856654426539
-1.10719466154341
-0.357580474219294
-0.897167831677108
-0.69647625869621
-1.21554416091733
-0.564932274540502
-0.35809245896808
-0.213531777083454
-0.211167416658649
-0.392123704700785
-0.261944072505775
-0.0447836951262977
-0.183372083237423
-0.563296115665329
-0.0492752427290085
-0.376553976072648
-0.71713960927308
-0.164719546643256
-0.785588981404628
-1.00360932621495
-0.703315728179355
-1.16655315736697
-0.379638043815131
-0.176630054507968
-1.54120962370432
-0.143315664121978
-0.967176253289181
-0.91993563513827
-0.568360158057731
-0.595029739281915
-0.22935513355593
-1.20111871165518
-0.372047644878825
-0.897087987356064
-0.124402578207338
-0.483587616294659
-0.117864712076055
-0.405664003779452
-0.668412934616397
-0.167070132031996
-0.2455178689456
-0.20451542745877
-0.224413001557159
-0.316857696553613
-0.13709603417939
-1.14168914061877
-0.501936077959919
-0.0554930937403043
-0.703971273357968
-0.612220995730879
-0.34768968193988
-0.338295489776746
-0.278926228393409
-0.265639461273838
-1.58969875365056
-0.351717913356886
-0.236468313681096
-0.132202877100223
-0.139470223648685
-0.152504821530094
-0.255989016234416
-0.000903562377600706
-0.495541706320679
-0.176865868163992
-0.111395896672196
-0.327120261820735
-0.0662235359301622
-0.337940972995194
-0.321058184288344
-0.251261468504299
-0.527919173137061
-0.574865801715777
-0.864650164375946
-0.391816497345756
-0.207213673554193
-0.0554099397220828
-0.390015875394344
-1.15961243002365
-0.00364915448971792
-0.285808655697585
-0.228877716070094
-0.426251622691735
-1.0102612604501
-0.919763293581642
-1.69076098750297
-0.0407169106291125
-0.167794785015478
-0.268278689341849
-0.332101057412563
-0.744094937285164
-0.951915481065738
-0.33680645917363
-0.696416591337024
-0.40814468543319
-0.09095816390999
-0.172612646600501
-0.163348125973677
-0.579358131935357
-0.234418622267763
-0.466343096325352
-1.37194646006951
-0.229453465759502
-0.516496360634421
-0.303295929580508
-0.012583879046286
-0.341238240625602
-0.0383058515623181
-0.485523875072668
-0.109799411812937
-0.167430265451006
-0.180656900647827
-0.0919582073316897
-0.116955787115074
-0.221036852281814
-0.708119515312187
-0.545611161489543
-0.11222158815837
-0.464298824514391
-0.484984865718605
-0.054406641496406
-0.0758662674006537
-0.149833051045366
-0.879155127232467
-0.133638741488552
-1.06633709323995
-0.00694954613945256
-1.37959791796744
-0.271043561352026
-0.0619330112806772
-0.488470979583736
-0.152659578117474
-0.374133015821172
-0.971294866793337
-0.247035828552156
-0.203289578487334
-0.172234018727599
-1.64412318601499
-0.320688060778441
-0.033587027334418
-0.0537520898795088
-0.151874980082994
-0.145766705296572
-0.0618026687185493
-0.320815808633878
-0.302449326592965
-1.0626852542076
-0.0336086384635678
-0.00124083823562437
-0.93123729288205
-0.00969243118012127
-0.256770492892693
-0.57163300566741
-0.0616409370637052
-0.757648714543747
-0.0531830699161894
-1.30867191398747
-0.196904952276912
-0.568367585937037
-0.661978711044518
-0.293370965753113
-0.580064133481653
-0.348692562205154
-0.283614393694583
-0.582573446536263
-0.317846224488178
-0.795196413620952
-0.389709560184476
-0.786990855184969
-0.275641306411192
-1.31546525844963
-0.533872575797783
-0.353235764186752
-0.115588318691273
-0.673008975011433
-0.823303712785315
-0.388999886118424
-0.251360472635863
-0.0910203735728785
-0.391214096051269
-0.940239423886438
-0.10649254634302
-0.414752226966259
-0.0388826378633928
-0.502317548996122
-0.403612975332841
-0.159429753673057
-0.629302846959563
-0.46641868060802
-0.23051639862457
-0.983385955065805
-0.02020066614324
-0.409375701121614
-0.885035172920104
-1.04039627622139
-1.03914828527806
-0.516322822218553
-0.0595376211601974
-0.0775158409494085
-0.772985130143876
-0.243841399268972
-0.812377627888972
-0.442559405592768
-0.274225829004997
-0.202828478772071
-0.381668199506554
-0.124163024186348
-0.126249361867885
-0.391043308436491
-0.83375510932085
-1.93151032345523
-0.264442264687424
-0.249965080995961
-0.176963133794857
-0.188505962770415
-0.0795159682672133
-0.244573563860579
-0.557271809007411
-0.82655378724295
-0.775035974626922
-0.0209314820306411
-0.19327916106567
-0.777710340141477
-0.15854294869702
-0.410804465844506
-0.37161039233721
-1.06130347458886
-0.441138532530744
-0.0921408774177992
-0.246644480060918
-0.28820497786264
-0.356229134195059
-0.659072867520866
-0.181177909168053
-0.603160056164653
-0.146420270148967
-0.687227191699043
-0.337833580438716
-0.0585959205509571
-0.546055583491531
-0.271791313004468
-0.429655240742693
-0.52459865167927
-0.0293385183456933
-0.59200499420043
-0.0830174596420614
-0.747770396123446
-0.259328251414991
-0.2184309479958
-0.241314087217307
-0.216845648325046
-0.415087494218439
-0.129917844680069
-0.201715212940511
-0.0330332522281239
-0.0975036947038537
-0.0493597236488829
-1.1076120649525
-0.284173808337987
-0.605734350922348
-0.0785072583176826
-0.404136524584072
-0.672884173218762
-0.30231348879584
-0.173098692155289
-0.874760786070695
-0.527740621664717
-0.201530386223882
-0.187995187688007
-0.193700651537733
-0.0859058597179012
-0.105032330301752
-0.128487301667933
-0.741719162823732
-0.125888347919908
-0.558177846216305
-0.0579554082619581
-0.0126620278677915
-0.592944503423015
-0.0669259403662482
-0.785776995580887
-0.331579067636823
-0.0610085756146288
-1.07423309790833
-0.241707141069024
-0.0577853876519901
-1.35093504215641
-0.228442688655996
-0.0741949561177358
-0.952799065875298
-0.422213905405417
-1.07595514439513
-0.752913011332181
-0.270378103002802
-0.230655286473924
-0.176958671772594
-0.236112763804217
-0.327438222066791
-0.981389388356901
-1.08308649752342
-0.381895338111871
-0.343360398256934
-0.0488430157441515
-0.427016515896914
-0.565273807105343
-0.107325214176101
-0.419576455148806
-0.254840982668253
-0.49042706178622
-0.0620974552711482
-0.350756611770183
-0.270157876668262
-0.123804897881635
-0.244506953413796
-0.246134436814275
-0.0876893130891685
-0.327896048789881
-0.270813619125296
-0.417839106068503
-0.0450414053287007
-0.0985617351702089
-0.0771207796547483
-0.523497462351127
-1.26173243708694
-0.722995051726132
-0.803770827448678
-0.28367330614701
-0.209729566411834
-0.0841941363116933
-0.13301710510933
-0.850932683998464
-0.185819040735789
-0.181193407713952
-1.07307088002182
-0.206136791619384
-0.150866499634729
-0.404559059934994
-0.312093952039732
-0.341950503617053
-0.832411202741872
-0.401931421817913
-0.032775165405277
-0.540442467135191
-0.10864474429456
-0.544730622330958
-0.338940663938127
-0.629210973529751
-0.0999029600336091
-0.203251253613623
-0.276729818469071
-0.162707974144231
-0.194484179265921
-0.272256795788576
-0.15262020427183
-0.329219940483061
-0.595501997835945
-0.82665535137598
-0.733943014366021
-0.0847168114132356
-0.120866491161282
-0.742922007594261
-0.492569894846991
-0.391075011458571
-0.0311196840678211
-0.240512655338387
-0.580479594461047
-0.228663002779838
-0.143760108111012
-0.0682368153241739
-0.0520062999411032
-0.15301910530977
-0.188167057010169
-0.206290284833018
-1.55782990321476
-0.00419491268439937
-0.179630603453871
-0.311551110150131
-1.06359694878842
-0.285590333373726
-0.258145536981447
-0.540117075981572
-0.023734558403038
-0.106320667598528
-0.0153075511529173
-0.427777823715968
-0.847523367783799
-0.276412003815985
-0.220161529189338
-0.562753247740721
-1.09104902437143
-0.157188844094587
-1.10211933984322
-0.180834267929522
-0.0451695763900859
-0.166785164851072
-0.0654715803579461
-0.160893548523487
-0.304295566962708
-1.41416707058841
-0.247487921465916
-0.0604090877060163
-0.32385576115747
-0.331020745871576
-0.25766604541246
-0.275170632466421
-1.58960814123702
-0.388552942968152
-0.476514054915142
-0.141263024391363
-0.630860274891024
-1.99524654912844
-0.0807244095047632
-0.513047100649001
-0.179629875131335
-0.0819141607668278
-0.432038642149912
-0.198467757071729
-0.308296595432571
-1.13025130766969
-0.368697811348333
-0.301558027983582
-0.00995612064965658
-0.294989689558365
-0.080369082879455
-0.48661953359267
-0.0105211623324199
-0.0127754075855857
-0.354154223089704
-0.043173832173341
-0.167989474566655
-0.18152089325902
-0.177846231536108
-0.49585881144274
-1.17282056696467
-0.142678946977926
-0.133049139568068
-0.376466973342222
-0.510115544450891
-0.53186391746185
-0.0931210333880408
-1.02317567124006
-0.0871120238168581
-0.215810392221484
-0.286861072550094
-0.725381134785368
-0.254507606753008
-0.235900964663848
-0.268448678971187
-0.928892547555701
-0.71201873784455
-0.35083220503835
-0.307514916301419
-0.378906760534734
-0.588539703256641
-0.731212051144717
-0.257125716263956
-0.0179599826162397
-0.446474929941605
-0.44157987382206
-0.16088395130024
-0.380480229064165
-0.227729870276474
-0.107390544473757
-0.0509191995733457
-1.17226636250133
-0.388730334220331
-1.06687912523462
-1.08578234606379
-0.0735513731245521
-0.248174465226647
-0.126945178725215
-0.252853479333809
-0.0115270937592173
-0.0676588685195789
-1.06409831876671
-0.313903801975338
-0.228791730207916
-0.0717661961228177
-0.400387756253803
-0.0335827072894016
-0.532300555845405
-0.194588190868018
-0.636868957018282
-0.319652445447416
-0.129848937104745
-0.112255054153496
-0.1407467029847
-0.62208763179946
-0.10337136463541
-0.616866156247157
-0.454343176348463
-0.0239643042940077
-0.0937672401509766
-0.133493405287809
-0.261326809183144
-0.258935554648319
-0.786083751216594
-0.217471851128675
-0.0168715985798524
-0.609358387243683
-0.272193294823919
-0.500833765911255
-0.285270178954571
-0.749330912160142
-0.123219956908306
-1.05585101995234
-0.0911134673495272
-0.0726201150179286
-0.174118583209252
-0.262236454925583
-0.453168989878789
-0.167155505254273
-0.00909891241575602
-0.357249784645472
-0.0772711389862893
-0.829058790958862
-0.0155727266642571
-0.171862055790048
-0.175667601245168
-0.0294933755734547
-0.132783641637009
-0.321164800975853
-0.0836406066137905
-0.0825200441899405
-0.0451951548835286
-0.353236299178414
-0.112750273971905
-0.52157334432565
-0.720577249697245
-0.94466010384399
-1.07551016617448
-0.318033005589149
-0.854689224778452
-0.121926584326041
-0.171550526513299
-0.472891542987863
-0.213935307591812
-0.758451142726587
-0.1434587462847
-0.878859882444915
-0.842141247456319
-0.199164113690361
-0.506053547398615
-0.0317242116379711
-0.16424954092624
-0.0698753372130005
-0.0164722768748836
-0.501409659151033
-0.790160870996088
-0.667517086523511
-0.821082025389242
-0.327294095561229
-0.378641221307511
-0.279583453192999
-0.634186142970015
-0.688025602462842
-0.666493921416782
-0.596177397612982
-0.477881226249651
-0.447971964039088
-0.266615729134704
-0.596225223410392
-0.182298655041501
-0.0730503927931781
-0.0592261861977017
-0.201536390718316
-0.121777590894902
-0.0255227088680496
-0.610356253086696
-0.0882851818228547
-0.659064701413354
-0.262015708766426
-0.852016855906837
-0.309550030607503
-0.57576622121786
-1.04619006146557
-0.242981737867927
-0.472614257306888
-0.375539820018818
-0.429068186791128
-0.409996445528624
-0.830983589639955
-0.450125942602671
-0.118663332366322
-0.36354936271407
-0.0614332871851042
-0.256293273462372
-0.240723915183027
-0.140718542429316
-0.381134204293202
-0.620457883121351
-0.885115742072201
-0.697527283893744
-0.495578758655267
-0.503155782277767
-0.260726674192205
-0.0593409915984897
-0.122740916262524
-0.480793976608054
-0.280380100459495
-0.723588743379819
-0.0409731315612587
-0.231706955187898
-0.305609032708692
-0.90964048375035
-0.227777256632851
-0.171250572317849
-0.816511946236491
-0.434548586512055
-0.152647009325134
-0.17545779175931
-0.526966213114463
-0.569511439627442
-0.136975276438028
-0.129758773361366
-0.934737142544528
-0.398797078338944
-0.437833167994547
-0.0970434285085858
-0.0247120075150194
-0.0298675168729468
-0.3210515186147
-0.0435996752568293
-1.43238597632012
-0.00659234168151096
-0.302114246272985
-0.381768009721672
-0.218484133309156
-0.177444136215077
-1.59395487052748
-0.284019135694875
-0.0795706949081206
-0.676278377148583
-0.195830657770861
-0.978254260958431
-0.295582143810391
-0.0599643973040765
-0.112347242305219
-0.269579583538539
-0.372428861603816
-0.69350888578235
-0.18196291716132
-0.396017566272945
-0.421064264788552
-0.129197052912491
-0.236636974144473
-0.118330761449029
-0.696845044853617
-0.761070706019652
-0.0599526614003315
-0.0779151274123109
-0.344524277306661
-0.392406267637996
-0.120411959252183
-1.32304229104584
-0.104106040677506
-1.06308901490427
-0.162289461720614
-0.303646420199023
-0.103984619358371
-0.338967798229459
-0.169294253413199
-0.826894199994689
-0.150561225587687
-0.214095591899698
-0.442181842910241
-0.164792793006606
-0.618055046682926
-0.736823285603199
-0.312492184437234
-0.673279572041982
-0.158963068448072
-0.137168239712446
-0.176433040205568
-0.0506860706388721
-0.201545778707116
-0.125847988472786
-1.10304680667601
-0.243800255706026
-0.0184414938238444
-0.104162385102546
-0.145657137807878
-0.397841619877225
-0.000814391027794768
-0.263166106023974
-0.0530481536398313
-0.0893565291886457
-0.0161055412229206
-0.783847600072045
-0.095605429153923
-0.675613858355059
-0.855368316472859
-0.325928800141434
-0.35303610492715
-0.60442605060162
-0.268266781057317
-0.247372712163039
-0.347614762930651
-0.0540378292363492
-0.508298392909186
-0.151186908613903
-0.228590740337112
-0.159698550094388
-1.2152360735983
-0.0290379822266493
-0.954373277100347
-0.61148552617704
-0.719477930550515
-0.723669024391238
-0.179228245742118
-0.302703925297796
-0.445179367048541
-0.352730417650307
-0.0039515177147013
-0.256106231294864
-0.34714218758741
-0.336905770418587
-0.146537498010775
-0.150588146854152
-0.385028449585899
-0.686308961730123
-0.469655312367479
-0.379387285384259
-0.189764848246034
-0.216433139285396
-0.0746429904614387
-0.0226228933020902
-0.694260805245279
-0.358829625333391
-0.0706405345794931
-0.318612781933144
-0.0613546214106613
-0.0988422318688898
-0.111416597233875
-0.304177547504989
-0.403276553073345
-0.256198043442109
-0.838087761760453
-0.41033723966093
-0.0477569354842778
-0.341306961991337
-0.0497851906441937
-0.0651945326187339
-0.0830532116069791
-0.472459700581656
-0.719017534225539
-0.280666834663908
-1.10772676331349
-0.0517228718177344
-0.194175862664914
-1.12973980682939
-0.216481432810105
-0.0689896432970739
-0.639674468728994
-0.2041807638481
-0.258537594881368
-0.137580767192044
-0.482185052734739
-0.2253316689317
-0.0553301832972384
-0.587103867814343
-0.229586616128434
-0.10164701639811
-0.128302458380315
-1.11315154205242
-0.744206840069827
-0.20079306018085
-0.153580722754603
-0.218760490682775
-0.25934786778643
-0.0408785662824955
-0.394503757303606
