-8.88855315536357
-7.75486945839949
-3.05273688195479
-8.61512616081573
-5.99053726242887
-2.46994056085772
-3.32264997021789
-2.89678914743545
-4.3960905477825
-3.40493397473874
-3.1322246662067
-10.1135112564181
-2.61088156255979
-3.30422968806684
-2.90931086461914
-4.70215152302431
-1.65010279421848
-3.50031099665442
-2.94995699733225
-2.98818803631466
-2.30728616321909
-4.5178026048488
-5.1209981836863
-3.0740357023122
-3.10363177380515
-4.18211569766846
-2.2244479447458
-2.05692052142261
-2.85458698402064
-2.29097821402768
-4.80911299317804
-5.26904357753252
-2.99975111106936
-4.60855975204261
-3.10420588904896
-1.4511052054274
-1.63075296841891
-7.54475760178159
-4.09481270956485
-3.83398744598999
-3.36259161923814
-4.5625108313417
-2.86375420911798
-3.72885640791931
-1.68364523494689
-1.77513431803628
-3.84197597778724
-1.77537844741707
-2.146070504855
-2.60902601423694
-1.97213320167942
-2.66125235773033
-3.18901953268114
-3.64865002482316
-4.3153894540841
-3.74781703371927
-3.18739993799943
-10.7004281245143
-1.7363294046207
-1.35847822527792
-1.60235119356175
-3.81568608098656
-2.03866150316142
-3.45526304660028
-2.41898817859778
-2.85186383754535
-1.85107228673872
-4.61243343079146
-2.3501434745688
-3.2452616411894
-3.93103350955853
-2.20613517822022
-2.21626758477594
-5.21014308000682
-1.37644629746527
-1.89492352383662
-2.16098503578927
-3.53024808398144
-1.48455330905986
-5.53672807031633
-3.58056348805151
-1.83749709103371
-2.27324701550758
-5.94603641877238
-1.38040904679112
-1.82658229532773
-1.1488156471354
-1.59859223683832
-0.62026200937623
-1.30713101351552
-1.55525233794842
-0.601837028118053
-0.979267988735463
-2.10569611060094
-1.2379772617641
-1.41169004776717
-2.5895803178975
-4.58010576645573
-2.66253387304672
-4.10406476181961
-0.989493688357149
-1.72069830376482
-0.767628852147213
-3.67149749370075
-1.8675338841591
-1.50186625556942
-1.55056385107553
-4.43913476511309
-2.32766386806177
-1.74123237228437
-1.83445541401992
-1.53048898499468
-1.36138656323457
-1.74570071180298
-1.59792167217964
-1.75094777248568
-1.44187979860046
-5.42808189933652
-1.32249127194288
-1.25474173726784
-4.84874820514875
-4.9086879391142
-4.48424203117131
-6.12049595693882
-1.55629921437077
-2.30825071046642
-1.40949076905555
-3.03489706834495
-1.82576887846254
-5.17357992572583
-0.980439949728476
-4.61776607686943
-2.42780470139778
-1.69695835225328
-3.5673055976121
-1.15065627500339
-1.7256197018895
-0.952434812375593
-1.32770378814607
-1.34159216255811
-1.80143972428579
-1.30077653071306
-1.95431797521186
-2.19271919510503
-3.81392471652189
-4.3764938351546
-3.03116318511175
-2.77706737717144
-1.26009585539932
-1.3674297925821
-4.39453530448591
-1.73668900593215
-0.725249714080868
-0.410315653226682
-1.50761721440777
-3.1087476100503
-1.53820465187944
-1.29365691196267
-0.956482114868597
-0.330964599570454
-1.26677289003212
-2.15440442086362
-1.48315780143799
-2.37525333642386
-4.94303001547344
-4.89638562828839
-6.00154326947592
-0.271026859237344
-3.33199232866897
-6.46853864813929
-1.3361464165006
-2.04543869366078
-0.613119079784575
-1.57314684400215
-3.47320284273974
-1.49966802442636
-1.58732167388084
-1.72474721218388
-1.79771809760783
-1.86411836472485
-1.6392324174724
-2.8939436540722
-2.69590915967339
-1.28625786614988
-1.17883982553846
-1.8414001495064
-1.17000516609736
-0.463329256755972
-1.16552205412324
-1.14004485036413
-2.09702292502834
-0.914624178216707
-2.14442535624809
-1.39471261037495
-4.1591044903601
-1.03758940706601
-7.61076493005311
-0.188782164714498
-3.15371310265193
-1.20938425600648
-2.1399174711824
-1.47785447701185
-1.25177533601165
-2.13755320894406
-1.37262703519629
-1.01071594718885
-1.24211037376386
-2.03879027901179
-2.87723740452575
-0.874706219669062
-1.21250878477722
-1.34163760612852
-2.39093904371577
-0.139542997635182
-2.53108640525535
-0.995663486418579
-0.0452842216285686
-3.67890982913346
-0.903772350114829
-1.12559545765358
-1.89932099571046
-2.20597081363567
-1.5497979060199
-0.874139569378482
-3.02347670554803
-2.19697019607029
-1.13281968562396
-1.70323498468822
-6.44927315983569
-1.81207407428204
-1.32576783892095
-1.25130965386287
-1.60675204026511
-1.15998988965781
-3.70796299882292
-1.29604595856948
-1.57576181914433
-0.76852672696092
-1.38302004202871
-0.924704472930738
-6.89725659377795
-1.12486038573753
-1.19368504097299
-1.56747803195953
-1.17345097746798
-2.47250595180362
-0.879134792385543
-0.259458919761231
-0.826078988418225
-1.12753677960437
-1.71971895275653
-1.87563844487033
-0.76387462698223
-1.17833218510292
-0.695980626670452
-0.850681434080585
-2.0646313720421
-1.36410946396406
-2.14972139798249
-2.51509217709532
-1.33817117335791
-0.0802195010582804
-2.07712865945441
-1.42564785815405
-1.58083548260488
-0.79346027607483
-1.93503749587849
-2.21880834067027
-1.20730272460358
-1.48128080016839
-3.13590991384742
-0.973085807501447
-1.55458535851235
-4.82035260682255
-2.10670799228774
-1.90768762747108
-0.813140387855808
-2.54093568200177
-3.14008929351084
-2.42283624959221
-0.124725961997102
-1.47019309795409
-1.26302513535131
-3.43607855022985
-1.02353951665175
-1.34453195712136
-1.08067593801729
-0.979016923162622
-1.91065173935391
-1.25277714055252
-1.20626460281563
-2.26163695586369
-2.08762785560028
-1.41724118336302
-0.720775014428693
-1.20770706363953
-2.14439086951585
-0.94585626928325
-1.06002526296805
-1.70215938493759
-1.13174858432637
-1.14079729520299
-1.37065208919265
-1.49245674482882
-1.82233530492642
-1.21467657783499
-1.04492975404665
-1.7852782726374
-1.19558031487031
-7.49731048246399
-1.73473520637714
-7.06837858684457
-1.64876314297876
-1.58260906892559
-0.340754866655672
-2.13513576378112
-1.07421592152782
-1.16059578153044
-4.05302501489895
-0.287464884260051
-1.80205018873995
-1.04419930433183
-2.24706551307434
-1.60937390064472
-1.08425137866021
-1.60070001971144
-1.18667197520253
-5.52979864462505
-0.273019986173199
-1.70951450593346
-2.20582015466554
-1.77938015865754
-1.08761092180022
-1.06138548620809
-1.28287706025202
-1.10894731044004
-1.71031783956236
-1.11614095353606
-0.368509975253487
-1.96105757519778
-1.64982028286298
-1.67230945010613
-1.12575902175638
-0.201550593574597
-5.58590323030511
-2.68900110518166
-1.39212455072857
-0.640052151331018
-3.66018000373303
-4.35774271756848
-1.51067134799173
-1.46827396732204
-1.81589364122435
-0.969055997162334
-0.244698588645987
-1.049146526607
-1.16881293667598
-1.87847144650146
-1.04764423150754
-0.508181906822575
-0.30664738188973
-0.991149518753966
-1.36949520673479
-2.21938232727523
-2.06572947444312
-1.39553319560562
-0.243797866840913
-4.96066943633731
-1.20930308283442
-0.903118087398732
-2.84080643711291
-1.31215613984788
-2.08408655091881
-0.995640508411685
-1.88551834622517
-0.973858808110987
-2.99168550557477
-0.424563119556527
-0.869493270489066
-1.81760574657184
-1.54088963136169
-1.65519409762325
-0.809138143256934
-1.31306183993075
-1.08062208347234
-1.54017872646185
-1.06803972887504
-1.38346959232736
-1.27508034043326
-1.67858882788992
-1.68702551463802
-1.8900279654983
-2.94804173081543
-1.4045019670406
-0.551013260450236
-0.882577822981935
-0.988214305650205
-2.50544843972371
-1.54063253383527
-0.971010417945557
-1.82791498933047
-1.04724679069398
-5.08648417654603
-1.64761962096074
-9.21440563374573
-4.4999286813885
-0.937614949425795
-0.905948162614702
-0.309076945766594
-0.913701309659696
-1.40233093377629
-0.215196342501278
-1.20571765896016
-1.02235317994456
-2.12862388998158
-1.75520698413258
-3.90100992253842
-1.37517246017967
-1.39294896568121
-1.74303502456501
-0.831273381106787
-2.51984849136383
-1.91049376938312
-1.08178188208834
-0.802976706255224
-0.886259525327265
-2.56405675309749
-2.28928740793017
-4.57112028769984
-0.409335175617841
-3.88087362109709
-2.85907684735129
-1.3127520584014
-2.69069329932842
-1.66870218221363
-1.07222063368205
-0.461024370505916
-2.64044124061555
-1.30733170487429
-1.66564934170998
-1.15128899817644
-0.815495123138252
-2.32496171923513
-1.30117469504525
-0.828947662230623
-3.28692774524064
-0.29841897026201
-1.27996995470856
-2.3082622751675
-1.0258721184341
-0.493048426529594
-1.50301056816928
-2.88221180510542
-2.04719934898923
-1.13556045935496
-2.62537607084365
-1.11556358707899
-1.54050070546052
-0.830564744982809
-2.51866605137631
-1.81508817911469
-0.984174161941414
-1.1188126661468
-2.06849596984624
-1.56976173148447
-0.254351978440937
-2.75219161898933
-1.4434953909257
-1.86715463921528
-1.50120967607135
-2.33950501011398
-6.02364683499372
-2.55721696310927
-0.930061254334563
-0.841382492357506
-2.51214673788426
-1.10463466721532
-0.999099731002384
-2.18901891937377
-1.09359944541456
-2.26356583427064
-0.699697621177053
-1.32975104140238
-1.11643186047064
-0.970845416746766
-0.260272761303456
-5.24968919995855
-0.33100707807612
-0.742237959234932
-3.09481394213381
-1.65799657879898
-0.919574002868015
-0.862711880033417
-3.4596549968736
-2.87408043863616
-1.07401182634351
-2.03686344233877
-2.45031367024581
-2.43721960103887
-1.17799447724179
-0.15834922618048
-1.03610764007882
-1.31741841052909
-7.77452220818061
-3.61254434714165
-2.40238937521299
-1.73700606211143
-2.16676908609617
-1.31131695134488
-0.998890498174122
-1.96187500654317
-0.556594582276142
-1.06665672128429
-0.97477139855733
-1.92989596253677
-2.74827777919167
-1.82644584461353
-0.725140881594524
-0.630607739155222
-1.12883266393433
-1.55864083014012
-1.92855413207931
-0.533533802165276
-0.144656900234295
-1.25601650022107
-3.83407477325191
-2.00591160402389
-0.637854269859967
-0.981573820965793
-0.907786677656005
-1.51238021541504
-0.686536567632069
-8.62887312875231
-1.15956711057516
-2.02209312678927
-0.916427766768414
-1.69702398007613
-1.06976343051102
-1.02883069454328
-1.14242712107271
-1.54171446257674
-5.2034195059038
-4.07901021451885
-1.31907336500183
-1.63715528721837
-1.40575031101017
-0.669857868875186
-1.03790050207954
-1.63332031887497
-1.25641777148015
-1.04929831079546
-3.93500884754434
-0.871129416794751
-3.1973363083997
-0.909540196492281
-1.54673470544298
-2.6915620790603
-0.381917309392468
-0.620003046115353
-0.853967369558597
-1.04468926497851
-8.94508395652199
-1.46873129466546
-3.37922664327112
-0.978215567833697
-1.31192219885728
-0.986384227409231
-1.73583732301727
-1.37055164288023
-1.54284911990109
-1.04092733731809
-0.436845100549962
-2.5952351997791
-2.28548002467719
-0.813907493574397
-0.813591157829894
-1.01604422443234
-1.71229921774822
-1.16142117437678
-0.602892153278278
-2.34645804711023
-2.22667230468466
-0.843478387464709
-1.83553174233413
-0.50874122663067
-1.32594904569815
-1.01364605791592
-0.64137985241646
-1.52724818445204
-1.22911272004709
-1.25384838158967
-0.125378106533857
-0.356614443631241
-1.0505741227235
-1.25079768428816
-1.77879182777219
-1.40954655438628
-1.08794582815193
-0.962004307265343
-1.36942013552787
-0.536739770792214
-1.73027421216354
-1.69175962377123
-3.71874349153524
-1.77069441751601
-1.64223238070001
-2.07290246408715
-1.02191938306289
-1.85875418986533
-0.872768932843472
-0.752626692449616
-0.469609920510946
-1.42597691481687
-1.00832719223392
-0.885686907917426
-0.621768097992166
-1.06519289541966
-9.6579658802529
-1.19991853975015
-0.99960018654313
-0.812682802569441
-1.81095594367581
-0.630485371696374
-1.48714374357058
-1.09677075574267
-0.652513101905588
-7.47664899110698
-4.60187876332104
-0.859856609194237
-1.97073456525927
-2.37831327605131
-1.22468084456708
-1.52720845924359
-0.638568054364294
-0.864439051069705
-0.975734503837899
-3.31047922989602
-2.41372446588269
-2.1542927711841
-1.02697354217561
-0.810668748510162
-0.895421888639657
-0.185607840229309
-1.17057100536299
-1.15660060095874
-4.17648965473877
-0.950137022343728
-1.15614241026589
-2.00310004582156
-0.581661249129406
-0.835758676809203
-2.08695405887668
-0.940444473678034
-0.547262846053545
-1.52026245057366
-1.15159467988853
-0.776937537501738
-0.789226628538273
-1.41160761424742
-0.843683036734204
-0.323738772254001
-0.740462252527462
-3.9205977259677
-1.03613295542607
-0.765848443349609
-0.771233509707194
-1.41581124524205
-5.17328938701845
-1.42547971997123
-0.632026629756215
-1.2098328309207
-0.836349841591837
-1.64157849310986
-0.654394882040645
-1.25494473784882
-0.326015143518615
-0.691526059006924
-0.853930124791944
-1.52083597085355
-1.33325860005684
-3.34181711422007
-1.26287869518418
-1.3226197100451
-1.12555217968373
-1.18507626088621
-0.815633799482857
-1.31959121434233
-3.56932138477804
-1.0151578832577
-0.757044832068735
-0.255404457061293
-6.01546304995944
-0.744549029578102
-0.741522999795914
-6.19085147094292
-1.01649210611444
-0.588231364636592
-0.516324469009226
-2.52323525177546
-0.705919456649336
-5.18353132544485
-0.652572973339842
-1.65524171098327
-0.863020883866441
-6.43974871032943
-0.92466839197546
-2.12704680082419
-1.15784487836889
-0.67417542152985
-0.631226127496629
-1.11494699397667
-0.597547759193632
-1.21514976265512
-2.96779147787231
-1.15596261649308
-0.516608639789341
-1.08095619953829
-1.84197719580798
-0.822940893520447
-0.610483662764243
-1.25193386183916
-0.237939989219032
-1.03112726873409
-0.795675454502251
-0.468259148687549
-0.603942505903228
-1.69864955841522
-0.829966465709438
-0.766786555128814
-0.683285396772909
-2.26148513944606
-1.05840555606561
-1.03049000230198
-0.460237611886528
-1.5590951189816
-0.68116497852366
-0.726816428391118
-0.435494463497186
-0.732270992363235
-0.166174766477249
-0.832331212272653
-0.746903045966529
-0.790767534652102
-0.557835174371277
-0.770509817117254
-0.680045421022323
-1.01985433040548
-2.20479151846302
-1.28648663931846
-1.42280712854927
-6.80904731298385
-1.23653735314655
-0.431640077557811
-1.25531258525706
-0.660680624142729
-1.27672538207261
-0.730327483360982
-0.552757310225108
-0.706416392971917
-1.06178337644614
-0.569622328655442
-0.671611125744702
-1.04276636288918
-0.786694518576977
-0.448764659779611
-0.811435220151765
-0.337405140860182
-1.90764432427443
-1.00064347557155
-0.832004130987892
-2.47149705283282
-0.675536357189515
-0.857403350884338
-1.45847541406667
-0.948503569424777
-1.19784038178738
-1.93969797770626
-0.785082811819283
-3.04082604051634
-0.676218158335668
-0.345713879283356
-1.26015814226646
-4.70722938701643
-0.936176913424161
-1.49431566723029
-1.01668433772197
-0.0796532706059888
-0.995912040871642
-2.19551801544001
-0.548951445245475
-0.727873040130291
-1.50343554334693
-0.658476310388711
-0.164837371072362
-1.6398111051683
-0.623486744448863
-0.764498373064399
-0.668000619926822
-2.8218589349148
-1.34713569195463
-0.749165891948104
-2.7188295243393
-0.581460417424672
-1.05912488461027
-0.148060902961897
-0.592323543678537
-4.46860951346253
-0.24071041231307
-0.709532703605677
-1.29767739205987
-0.980417839042991
-0.993727817506666
-0.613722214267876
-1.04950438584164
-1.92622831160421
-1.50680493733444
-2.96333931661769
-1.47193269933726
-1.39138152892501
-0.661057619118931
-0.622934012254252
-0.778218823061873
-0.657938859348323
-0.636218229885274
-0.705486749184039
-3.50259179132557
-0.648740124354488
-1.32052199848165
-0.576266152886013
-2.44511137668566
-0.817851808712406
-0.912754874947938
-1.02145034670471
-1.0369279728963
-0.0285552937187582
-1.04244424768334
-0.7284222560067
-1.28101633173231
-0.80628079071225
-1.57490423701743
-1.3580694037052
-0.587926274354929
-0.719231714955028
-0.195606927908359
-0.833926927095876
-1.47700274760042
-8.71786790108858
-0.13112858719177
-0.775208721355334
-0.655044942385057
-1.80882324483818
-2.79130437568259
-1.5681691091696
-0.688018065138767
-0.686711685717995
-1.08112029928315
-0.902565625578069
-1.19205344489367
-0.96928233362739
-7.9398424488795
-0.0371391161481916
-1.96950068780366
-2.21283941489078
-4.49556283391176
-0.479554105905112
-0.674782600082985
-1.90417289546212
-0.898242511020939
-2.45311525020305
-1.39699433874417
-1.27141609172793
-0.684655860520667
-1.85190451911368
-0.860890100440931
-0.0593761789204131
-0.714656771204165
-1.05434885918992
-0.50956473525788
-1.27627206146498
-1.47172662973781
-1.44132781104212
-0.670450856355453
-0.885537701449483
-1.05037864846357
-2.38355821593149
-0.996427685988251
-0.399511730274042
-1.41878619033657
-0.331053641176379
-0.109022697012623
-3.8767315452111
-0.618680436860114
-1.05242987697177
-0.683415083344832
-1.02247657266698
-1.22091481404676
-1.33012158049591
-0.749172740818157
-0.507192115053621
-0.985569211139937
-0.538354225325877
-0.192542206075172
-3.01461858201812
-0.596788052618241
-0.0098566112182865
-0.46749131148171
-0.0951926115402542
-1.04011844418633
-0.881575495411535
-1.00393430525669
-1.81550136579893
-1.05584822239662
-0.819589934153138
-0.816100563962452
-1.6663655956209
-0.747619511761134
-0.983610185850332
-3.50402881297976
-4.64866280471961
-0.75195309256467
-0.509979087034314
-0.039261626728321
-0.655513095849215
-0.260637569961505
-1.39420485884722
-0.990327339383374
-0.998002403090874
-0.2241438223173
-1.26354180932469
-0.378528969514633
-0.656707734739045
-0.783487323767344
-0.686983247199363
-0.518253442727417
-6.83859029301086
-1.67028496280326
-6.41556992657274
-6.23338638697387
-0.899375352135987
-0.359243154293806
-0.743499231868505
-0.753384379308714
-1.77755432452529
-0.588437057754949
-0.222688918499765
-0.0528735056914341
-0.0994908872873418
-3.06091632303757
-2.41785623234548
-3.12881844936293
-0.884390184974141
-0.173878924489128
-4.29257515199229
-0.833000254365152
-0.355542164892941
-2.25090650355394
-0.984494657456551
-0.321201953247955
-1.1441508859428
-0.972578416342549
-0.874340404557917
-0.553412639019556
-0.755247349396771
-0.637691152215732
-0.475283842859574
-0.936527543424818
-0.65967931553994
-1.18180650819466
-0.613532837978897
-1.23170077757562
-0.690839351789025
-1.28228431575672
-0.338951762685225
-0.0585169528382196
-1.23168838257515
-0.467381638961472
-0.877705411148626
-0.377878757407888
-0.177122209780436
-0.569084986834253
-0.642403895733326
-4.32866454642536
-0.737573267879395
-1.51738278004369
-0.864117332583883
-1.15307318846083
-8.25168284770615
-0.704508579609771
-0.673281637834034
-1.69226411394671
-2.12099313723459
-0.689890969987653
-0.369750486711133
-1.64466240337765
-1.79154457551651
-1.32665283139623
-0.493897355963566
-1.48236598694447
-0.892722387375133
-0.594289601432256
-0.468375564827206
-0.576210048352898
-1.21667605174469
-1.91271941894355
-0.154932191366148
-7.70720954662647
-0.886639556606318
-4.50776052666179
-0.717980866071063
-1.75234583201629
-1.37488845507759
-0.502064781873306
-1.08992791403693
-0.815972273360974
-2.18140490912246
-0.789219133412903
-1.77401000831249
-0.421516532915264
-1.32298581160938
-0.557600080135316
-0.209917715675124
-0.942545238208815
-0.416596046266386
-1.03615303525961
-1.12482877119951
-0.549893475674357
-0.549846107250382
-0.533251112084088
-1.22678909675077
-0.223224126698424
-0.981002284692419
-1.84298523453423
-2.93531368285033
-1.36617324742827
-0.921512344853969
-0.640515346608295
-0.730538065700636
-1.22518577414404
-0.192386082487149
-0.468791763029269
-0.630072293159509
-1.03078944581063
-1.32646557744435
-0.663583932282798
-0.0660285326856582
-1.5580492401147
-0.854126301603328
-0.633193960350675
-0.436883557526357
-4.82825243338884
-0.772865221131905
-0.460100721606433
-1.57892228825474
-0.71734821119016
-3.69648740757086
-3.62521897293026
-0.716722408084819
-0.0500177857478913
-3.31583145570781
-1.05635814621432
-0.768138398212065
-1.94030413485272
-0.370311785094786
-0.816592972688651
-0.398079410979887
-0.862277766008938
-0.838396545753933
-1.37665020778591
-0.925756410037813
-0.179887121603167
-0.141045290023722
-0.687379494330227
-2.98185652004645
-0.822633492349426
-2.51378421063558
-0.0493161823509029
-0.970279241054215
-0.743030045909535
-0.525222312431613
-1.07048433152359
-0.427302744166773
-0.400386742139996
-0.781037336564105
-0.432274175461155
-2.2331060270873
-1.70722746230998
-1.01759907880781
-0.482624004414024
-1.78371030931266
-1.83428197465977
-0.276549516382044
-0.686439985848984
-0.777748403852179
-1.88373450429828
-0.19928041975028
-0.910967770695287
-0.64913885904955
-0.41424000994114
-0.485828864154468
-0.875161175212587
-0.813350305587614
-0.463813667843468
-1.3714759294782
-1.51738022926117
-1.0235104596604
-1.12631654912886
-1.57382889583741
-0.751465684649958
-0.6952747554918
-0.102397938243442
-2.5352063067654
-1.51364074019021
-3.43504404162939
-0.852474955501546
-0.677627976337564
-1.71178960534021
-2.13630046239366
-0.386469235350885
-0.935505578653823
-0.936647386506324
-0.532943547305856
-0.845034335142695
-1.27384956879495
-0.885007571317573
-0.517655207232234
-0.890376726652773
-0.772366987044426
-1.11027508380211
-0.447465314121612
-3.14604804056648
-0.933072180003006
-4.38754355568677
-4.98636783341224
-0.794819540012098
-0.727204868294079
-0.554115717815275
-0.935942986551657
-0.307633766431992
-0.562185410788582
-0.608554535116436
-0.400274842205642
-0.155484193821405
-0.556384008430048
-1.5504337827519
-0.888002570441601
-0.696487267111214
-0.110008340409076
-0.547733617669497
-0.289276437357789
-0.609465722565285
-2.50355068973013
-0.413545154460656
-0.58609215704733
-2.00992371490617
-0.160332314614058
-0.935827401213553
-0.632513026318748
-0.825436816837454
-0.230117287791659
-2.80145081640108
-1.74586161732443
-1.98016371466535
-0.630154398676091
-1.05838906056493
-0.826879043466134
-3.41807544253644
-0.279341637942267
-0.614776167243044
-1.7173701772756
-0.773778336179836
-1.26982028043921
-2.52260720797758
-0.724931692234406
-0.560978224693917
-0.33396593573496
-0.549361912590595
-0.385610139522152
-7.36530684778158
-0.563330606387834
-0.953318726309665
-0.538267081565275
-1.15034604878246
-0.866078302687654
-1.34241505997281
-0.821399822379413
-0.643219255268399
-0.502462371281406
-2.25907666358376
-0.613180450118431
-3.55844182783633
-1.75592221970591
-1.65186675473196
-0.132089078551441
-2.91359530894842
-0.420932175590982
-0.526120453906157
-0.304726831590325
-0.299438140765496
-0.510594244889823
-1.22038732498865
-0.443013557163211
-0.921598428231388
-1.22485865094615
-0.657159286986851
-1.2533564325626
-0.652926646966281
-3.26991158968595
-0.81432583254594
-1.61315117662159
-0.677882434280305
-0.604787245015537
-0.873166221146176
-1.29281882221807
-1.34561828182898
-1.13736412806644
-0.937157081578445
-1.04896153982223
-0.576086454698945
-0.0500200953577685
-1.10001230370529
-1.43107215274599
-0.333252792324056
-0.128531561998403
-0.403051913658659
-0.639471852538771
-0.554053867776385
-0.283351470516761
-1.72404191244414
-2.24384481345852
-1.69455699207222
-0.255636001773429
-2.32110246259092
-0.230351172554285
-1.52517731425955
-0.79919373716914
-4.11335001691487
-2.06927777606416
-0.128353332032525
-4.89348831040295
-0.641604401933015
-0.316864900653662
-1.28764859855322
-0.181761074883888
-0.112918188379187
-0.328672940403786
-1.04632978521659
-0.806147136273764
-1.23661766522364
-0.619784065709712
-0.424371721234455
-2.94396335003888
-0.974549295910605
-1.48643996655637
-0.741853476659451
-2.2893190461539
-0.164733379167523
-0.477690147753853
-0.913674781252362
-1.16512474277353
-0.038066715253166
-0.56289892569333
-0.947289431454535
-0.721948406225456
-0.688371661862356
-0.166149920162897
-1.9413177140242
-2.30139734242604
-0.242794830182395
-0.556814733146937
-0.225571675211992
-1.42399816375828
-2.43920855821045
-0.55845542756212
-0.789089097500418
-0.58389719057468
-0.238111570608243
-0.666355764478841
-0.150071512787964
-0.658655115300983
-1.91666108745714
-0.860818139821784
-0.487152696484029
-0.694482603573473
-0.37186871902466
-1.35322768927894
-0.166777728925793
-0.214442203708996
-0.0169525427324508
-0.00174705067053645
-0.29418655165702
-1.59745824263644
-0.793377851257892
-0.926603873276649
-3.28895920903594
-0.691623389144575
-0.789101149034732
-0.309539541040876
-0.890303811955196
-0.472635129561211
-0.500405660721555
-0.0200322578486689
-0.954015031919744
-0.117979458817273
-1.75273734369393
-0.616389540622306
-1.31835787961556
-0.330284624081214
-0.391381008205178
-0.264082144735293
-0.510816041546796
-0.213094970745641
-0.839193771965656
-2.74644985559998
-0.0982105911137128
-1.32625175119822
-0.649532272976693
-0.438719661731484
-0.697945095009429
-0.208786940887459
-3.52547605926911
-0.590155897600098
-0.923277810723407
-0.403269152538464
-0.425883320844382
-0.410003057689388
-0.911405836120087
-0.555677262647979
-0.861137524873234
-1.00443654799807
-0.216256939916333
-4.18461775441528
-1.07957434582549
-0.641330076985127
-0.836639947382622
-1.81260707689221
-0.695663518745019
-0.541847149707259
-2.92521758031491
-0.756993040820183
-0.178980570573339
-0.603007711530895
-0.515958476789052
-0.47981002087473
-0.171228790773273
-0.38107959494098
-0.00379424029507236
-0.439615856933541
-2.3132800452942
-0.825743052634514
-1.83045293106303
-0.73267097529962
-1.42114896121158
-0.362077106316273
-0.501441275849064
-2.16958734037249
-0.650798868290059
-0.811181076020451
-0.311791756204701
-2.82116560638791
-0.267309608433375
-0.560579487751075
-0.0823011531684984
-0.604961050611938
-0.984290031578229
-0.188869146818486
-1.26792886208303
-0.732138251296694
-3.39005604095509
-0.891850532880768
-0.414043514295804
-1.00987516648489
-1.37176408952237
-0.692812147664562
-0.682424449907909
-2.71212982580402
-1.28805360773298
-0.596323177189326
-0.39452778339724
-1.01725693066367
-0.457541368293148
-0.698843121966608
-2.50862993688259
-1.47775907000723
-0.539527471880901
-6.15115200030132
-0.558396836760107
-0.988542313270966
-0.865723238651057
-1.78549033114983
-1.33985128362383
-1.3354876109038
-5.6607656876228
-0.933960006964253
-0.450670402241978
-1.36288963107754
-0.901662939085044
-1.04678574051597
-0.564629003485767
-0.43981624614832
-0.716481349531938
-0.659271390193124
-0.521183488328769
-0.533253639072847
-3.50755618591293
-0.393930503543336
-0.25763496408958
-0.614052139423058
-0.559710690784372
-4.19162381879631
-0.464574616247831
-1.04336443088041
-1.36790464127444
-1.50277822534615
-0.699351527158055
-0.392301414419135
-0.594380887986448
-0.523170096039041
-1.00202408199425
-0.200767359452293
-6.89006633651315
-1.79939515523175
-0.47515625019079
-0.374014279111247
-0.649120001053819
-0.470709357169379
-1.92164889775494
-0.352135270011876
-0.486904399432156
-0.878937576157718
-0.645036738236564
-0.897413878305318
-0.424867453803153
-1.52142372666264
-0.204279560751129
-0.338409410534754
-0.585851377405208
-0.469309314583261
-1.16031536568115
-0.852469907884481
-0.660492264126631
-0.497453252000981
-0.37537766196488
-0.542459449398419
-0.578902830167669
-0.136984020141355
-0.633879789609521
-0.485838711746668
-0.164611237694995
-0.36236319689949
-1.31160279055858
-0.169061470656483
-0.499560313469299
-1.01690573816802
-0.57827331916423
-0.0154155236665442
-0.719004919975372
-0.786399534699459
-1.31089083940724
-0.55203673768883
-0.125135226162357
-0.14992477222836
-0.669602702130735
-2.02773331668797
-0.763882209460548
-1.13873299113709
-1.08273607777641
-0.406772946873649
-0.697102190418068
-0.756132343917724
-0.713299399612164
-3.45293653053583
-0.176686086060716
-1.23556408758157
-0.145952556608151
-0.475863406799481
-0.80097977053358
-0.371768416058494
-0.419477379285702
-1.27595575667318
-3.32860668046008
-0.0704319465793106
-0.220372784804795
-0.225582099308882
-0.639485078041231
-0.416961501437513
-1.23582324210622
-0.289001892838692
-0.425897144609057
-1.78932023751951
-0.0705882954736098
-0.334448906136044
-0.373638765062226
-0.996767502019638
-0.584767425888278
-1.43950451468393
-0.424282874015537
-0.152973302805148
-1.46541813629078
-0.642608742273817
-0.0196870414945676
-0.511102028671912
-0.429623631187832
-0.756898429912949
-1.3669487064891
-1.88267629311489
-0.819822281693257
-1.35555973320412
-0.915597156160131
-0.971147422406797
-1.08062786285974
-0.255503196750817
-1.93491619652014
-1.63575022364067
-0.0676597856376362
-1.93873313131536
-3.38477290231486
-0.480719830149643
-0.630975116299225
-0.470302626599001
-1.45463537825155
-0.88208908665798
-0.462910726718119
-0.485704673151937
-1.25319127646979
-0.158335270132785
-0.911910876803889
-1.90711863224212
-0.647333175562744
-0.446183976383678
-0.610572442707746
-0.320405679223372
-0.390944354715773
-0.965859544868483
-0.710117549389317
-1.60995238549923
-0.94311384987927
-1.69875063270508
-0.0751995335114225
-0.534025948521777
-0.965925247221705
-2.61846327703578
-0.537161370075986
-0.34026754205698
-0.227405504976395
-1.00933188452003
-0.513948427318965
-0.775434647139106
-0.289228820792081
-1.40259073831825
-0.819393377989047
-0.323673672288002
-0.248515937795594
-0.207405611778727
-0.626673417843697
-0.264377932441376
-0.496415223959793
-1.43316638327275
-0.369590857659098
-0.419460244064176
-0.531697277256534
-0.875146158051883
-2.12259999303175
-0.642000328582213
-0.645752506896217
-2.99010641919038
-0.419078210022285
-0.282831222405077
-0.0780246788277657
-2.53926003785307
-0.0548141891866005
-0.811184779949962
-0.198857210058883
-1.55320319191362
-0.582918200027657
-0.5249260732709
-0.37431799611323
-0.355904582154344
-0.97598489292504
-0.349764021358105
-0.0525778256403183
-1.3425365915053
-0.0914780407140596
-0.630015869820822
-1.48167635633287
-0.175548888454228
-1.6290499624461
-0.76021621234462
-0.427029324298709
-0.873165812888623
-2.00516641959904
-4.6206094307438
-3.53722793994037
-0.0608792263335364
-0.362541535816983
-0.022215276854257
-0.75222825438798
-0.197286163295131
-0.273994432709086
-0.647180678525779
-0.0291657654133791
-3.46220241778897
-0.620420516635723
-0.707411886328027
-0.534771118739918
-0.859548073651945
-0.0975006673035324
-0.344932000415985
-0.598315891939319
-0.466380139230166
-0.523210888552816
-0.480663152361123
-1.91045531534732
-0.696814501721766
-2.43556098202642
-4.393812451331
-1.01580691736811
-3.78418887173325
-1.43286776967963
-0.428920902186339
-1.64832996339598
-0.417214945468894
-1.43103044676666
-0.793226916160659
-2.15696107570943
-1.38397190465204
-0.838596952985515
-0.544734830836761
-1.45137288731722
-0.769508874543091
-1.02514288019869
-0.788362555761069
-2.20577416745846
-0.211719042893397
-0.548981540229474
-0.804979607958779
-0.549733043017071
-0.917188754788726
-0.422273693272053
-0.983847518126875
-1.54532174593201
-0.320603006557818
-0.536674531202436
-0.232794726198243
-1.1031654523474
-1.54150529610611
-0.497441555812325
-0.373398441326416
-0.443924448346461
-0.352574563856164
-3.83483518741725
-0.608790939217109
-0.362516866305138
-0.0559521229864855
-0.583546415690693
-0.000755485433166234
-0.946765031006567
-1.27179849863671
-3.45430312082907
-0.157364349965286
-0.66214384644387
-1.17676450819175
-0.501247765321957
-0.391722684667191
-0.536387436872911
-0.803326030287987
-4.51937074146095
-0.217303216188202
-0.568594713745096
-0.682049986813535
-0.343872223775076
-0.658764534576908
-2.28650860765793
-1.26865759868418
-0.476931611977718
-0.360307540455434
-0.379717644127389
-0.345899606160318
-0.352729364245277
-0.413068509158086
-0.0306458208420063
-0.112118843751432
-0.234637927737615
-0.685993946944773
-1.25206836210756
-0.787633123433166
-0.157589375112007
-0.948406057257944
-0.147616092800054
-0.322467786873106
-1.21345593817969
-0.426702270726079
-0.13433287060946
-0.556743987661513
-0.390340297581389
-0.0288263642125646
-0.242782921507638
-0.635704967148061
-1.58792543706517
-0.710181874267794
-1.09742876527657
-0.754414467571363
-0.492670838710445
-1.14931785091745
-0.492421498580695
-0.435427736461086
-4.8773435722294
-0.32928268446548
-2.1332563343242
-0.237082072810814
-0.107178693050373
-0.03015010033278
-0.172994868793281
-1.79984883556285
-0.322392823514111
-0.539834083711266
-1.06266155485835
-0.22376607192136
-3.23804060519478
-2.85094764678088
-0.749567969228739
-0.381833751578324
-1.17937209868447
-1.93448280832739
-0.530281660065931
-0.275541255861739
-1.22259954163242
-1.04785271646464
-0.111512940703947
-0.476145330058782
-1.45020419698365
-0.480999384843529
-4.63579739032106
-0.457953294187608
-0.576521971475338
-0.934793896308708
-3.02770268671786
-0.783856998804188
-1.82983701005624
-0.397744769818718
-0.0029180664803055
-0.353513778211111
-1.44261076578272
-0.553557285217136
-0.628198808205758
-0.409407366868619
-0.449762701614298
-0.71502594873937
-0.499634266214382
-1.10464382573443
-1.31247306192239
-0.550698782572912
-0.131146361404186
-1.4672253349744
-1.9251071560284
-5.3821949188885
-0.505546564255282
-0.884876397288211
-1.12944855760938
-0.539523729765626
-0.743917518816774
-0.44714923397241
-0.466539025484895
-0.0129310600154771
-1.10276281513813
-0.20993054982917
-3.50006022830325
-0.353687636197078
-3.83536148733347
-1.12454388480473
-1.07760867422926
-1.31071665228721
-0.45762504704021
-0.343288695470198
-3.16332619363974
-0.443572450558915
-1.32897351547822
-0.695723954010519
-0.507221993804107
-0.26839816495587
-1.16653499367177
-0.42098827918309
-5.26463279541641
-0.229239397134926
-1.03766659924982
-0.140648194794381
-2.55205800198591
-1.09259270777168
-0.55425319067445
-1.51483711410543
-1.04937144172865
-0.716546159183147
-0.375362417989399
-0.49773794748572
-1.14746804528154
-0.880113496682296
-0.773672037693982
-2.38596182395723
-2.7248693628695
-0.398226491859984
-0.644901987014616
-0.332302698986661
-0.455894453254688
-4.05768667827872
-0.333469567194138
-0.0388074227215393
-0.715915328994889
-0.60465928596058
-0.107270246695644
-0.525698157954545
-1.34663345707468
-3.00839820905066
-0.263023098066463
-0.602320703484616
-2.61475010935197
-1.02902473570806
-0.87628062304542
-0.972708554930008
-0.420044023695316
-0.341312692681746
-2.83537771332137
-2.97530172465943
-0.512249698709535
-0.83312757027555
-0.748248817758744
-1.45967522792008
-0.90984608654185
-1.49865228668473
-0.0345801174958752
-1.9229324697739
-3.19464514260159
-0.53674571759642
-0.670820366546324
-0.119873151625418
-0.866273109104337
-0.4794663680715
-0.728837669064404
-0.323152821076955
-0.90822878940748
-0.440947700055695
-0.437140964323132
-4.22469179930671
-0.721478823802577
-0.644208454422007
-0.538135608631891
-0.373360404617712
-0.640619111181874
-1.47990016259445
-0.13008309238379
-0.959844440607325
-0.453764367801837
-1.66024847334837
-3.72586002332006
-0.897924347410498
-0.668681272703629
-1.98515591460471
-0.343983889508176
-0.261118677130603
-0.971686691544724
-0.381656407836681
-0.518416199661877
-1.22101584838227
-2.24024960648236
-0.997260160144561
-0.219815043472898
-0.478774988479903
-0.574878108111818
-0.379316296624352
-0.352425038001519
-0.0709496126236647
-0.588062854948637
-0.630346957185896
-0.0399710991126929
-0.972198158003203
-4.04787136804979
-1.8862255934569
-1.39322113973566
-1.94027484978371
-0.0905652619763497
-0.600924049681453
-0.498875212142489
-0.201302405678466
-1.0898797040276
-0.357239950903075
-0.966850545713815
-0.150965337446409
-1.26025545820422
-0.529288485290413
-0.910821578209314
-1.12660108147088
-0.11327073704207
-1.11998422117042
-0.852782235037586
-0.487477390336139
-0.0422126157115037
-1.99914459579616
-2.19274502456572
-0.480036603317598
-0.483232183369081
-0.729425157888375
-0.369256908004206
-0.955163173810933
-1.33922840180628
-0.130259753414472
-0.85856193221485
-0.0395227905551751
-2.06521516378477
-0.0402001672975408
-0.416902790227668
-0.148543965173248
-0.370687178233968
-0.0903571169736995
-0.0557209750404282
-1.4456955769438
-0.672971740293595
-0.243867124146428
-0.46287695677444
-1.96990244922676
-0.262874642192822
-0.75513242553068
-0.460684926130155
-0.290488937087401
-0.825204897955475
-1.20873558649487
-0.0383977718755908
-0.418407537505111
-0.660365540169442
-1.00831879922379
-0.443371716225704
-0.607932755204103
-0.890079727020621
-0.301158446947251
-0.425565804702374
-0.382264766059291
-0.865434478805962
-1.62490932932969
-1.23945765904186
-1.40963163382831
-0.25145499207341
-0.615710273695294
-0.269878379463388
-0.420538784787208
-3.41713917207576
-0.38738651448025
-2.10364319843234
-0.835777242104772
-0.657783039867846
-0.42163918125321
-0.458795359797318
-2.76458089225664
-0.404125673513001
-0.311094862599475
-1.05520656058216
-2.77934450832199
-0.323788580711118
-0.319558476396167
-0.962969950842951
-0.282375680059367
-2.68655937404006
-0.179426150365432
-0.265283351954207
-1.73396622816532
-0.604359375876488
-0.903314561647202
-1.87490487009916
-0.444252252524808
-0.442463775325564
-0.731133607211827
-0.185242554279572
-0.44742611595303
-0.430621076126251
-0.155023664836048
-2.62361078296798
-0.997096662935423
-0.632028531781281
-0.254074322080675
-0.672196408153623
-0.691646275896554
-0.93966388804323
-0.480800347558782
-0.726493362704634
-2.6294241475721
-1.18268027038416
-0.386792568607474
-0.294590468349462
-1.59713785214158
-0.416927258273031
-0.133424930661883
-1.54037836891927
-0.574414460855323
-0.343187064280135
-1.668129216867
-0.851756742833831
-1.91686395452224
-1.60403191912453
-0.309370140479746
-0.153888926491745
-0.498073032873366
-0.516466982970944
-0.540920904441157
-0.0994024475890032
-0.634238005919846
-0.498166899452254
-1.05659800498297
-0.439783523561593
-0.624263465732633
-0.926149281088134
-3.46552691120985
-0.39508791374519
-0.419014750259721
-0.344643170453192
-1.22624447170758
-1.00803130881914
-2.44183557453736
-0.935604093737176
-1.91728014393775
-0.893255177405105
-1.67348373422748
-3.79779091929426
-0.021966782740416
-1.81906916261971
-0.436829812813808
-0.505570787228687
-0.377092272083704
-0.0676986115224964
-2.17541766555238
-0.265679583211296
-0.351414264116277
-0.513514396193782
-0.731204799404924
-0.505618439278646
-0.385239236104419
-1.89597004164623
-1.16042270596064
-1.60572323371097
-0.107859618537954
-0.363378659701416
-0.256030570188802
-1.16219582343453
-0.363478003196094
-0.0938021221188858
-0.271733004953055
-0.442655398836348
-2.56607663680977
-0.430182085285972
-0.625837086428515
-0.080012939030443
-1.01132560653843
-0.428825590323195
-0.580357038237511
-2.9037370187712
-0.126147276373809
-0.426215305686751
-1.49581314258649
-0.220934957750635
-0.702325647403538
-0.973942182393238
-0.348856948851954
-0.463193933196238
-0.77592262786637
-0.60484700147512
-0.0664404936492859
-3.50578061798073
-0.479470843409668
-0.367705767827351
-0.246503342602159
-0.315928610096589
-0.78463960924253
-0.581568710761139
-0.379022311736331
-1.56890344739909
-1.952420526602
-0.468020929932835
-1.88644680096527
-2.41643086231423
-0.00749739464549968
-0.313332263849434
-0.711939542116323
-4.20630020662066
-2.61545659245895
-1.26955265278166
-0.447120661931404
-0.497231670667206
-1.50460620141885
-0.880795568936043
-1.24881051622263
-0.000603724720244093
-0.655360003719218
-0.438518978596134
-0.509634175740197
-0.588699762850814
-0.197078552601213
-0.26917038488618
-0.682691842993931
-0.0504934825008849
-0.159828605505911
-0.471982933963693
-0.746228363423931
-0.382527272606283
-0.775998200737188
-0.315733176400487
-0.436052151691563
-0.0218113780073671
-0.661368239030814
-1.67601102534723
-0.250459812489517
-1.34262059199853
-0.490566397215965
-0.0972211565777096
-0.344925623819531
-2.72339091528957
-0.172932850215957
-0.360183899166141
-0.292543730288416
-1.09469715381412
-1.6449901690404
-0.579410397523789
-0.913245444709589
-1.26068480553644
-0.821909328788184
-0.248620838085107
-0.995733644292525
-1.25674703404279
-0.041798362072894
-0.114536403088468
-0.204243556495836
-1.26455069525583
-0.886189539606883
-0.325023375066055
-0.396608908567919
-2.69901904108147
-0.463352368536504
-1.14683055130341
-0.683528808437966
-1.1414491348993
-1.335524832224
-2.30670786037454
-0.341760228253266
-0.31176923724427
-0.255354470015998
-0.575925226505977
-0.538731321230022
-0.217847638780236
-3.25821191860303
-0.247408676154355
-0.444965211025059
-0.125825269877786
-0.570294479399372
-1.85902897132092
-0.0377180451265078
-0.219182966482811
-0.502341708929216
-0.586628479416495
-1.52664482514689
-1.84141339012085
-0.849713099368106
-3.75544303477698
-0.787452584460819
-0.111912182539355
-1.50939732440415
-0.250311408584512
-0.490074826901145
-0.902721124231507
-1.13743291707129
-0.647902948360183
-0.0174659826125656
-0.387481703867771
-0.369086899089933
-1.36298339415669
-0.433044558157055
-1.34326836373345
-0.385321634770164
-0.0702917732606452
-1.13752995373131
-0.750714023695754
-3.01591763607984
-0.0970810296682569
-0.118993120295422
-2.8071062590819
-0.413846718286791
-0.684906136677738
-0.519542699970444
-0.385087467193861
-0.953981674412736
-0.937418288866824
-1.90460262870465
-0.0238195266297873
-0.620896058292528
-0.563813140240707
-1.96883641560588
-0.763478883095786
-1.28553122164678
-0.306491948629355
-1.2632275675068
-0.427306235478037
-0.339364642400976
-0.333406208436175
-0.0835258371701167
-1.75267676680839
-0.500755669406897
-0.770011424329791
-0.764184496423552
-0.381811024891072
-0.808026535928721
-0.825751069565592
-0.402441031624616
-0.34588336148729
-2.41525363897883
-0.761606617085097
-0.0585928504680435
-0.353763416213553
-1.57283303759627
-0.259348164285011
-0.411197232541871
-1.16753546849757
-0.665472769331957
-1.03729484948809
-1.84288409102705
-0.0806195211670301
-0.081348697611669
-0.336496541668037
-0.669990131092
-0.53295833966176
-0.414019083190953
-1.21951461573923
-0.177090860213725
-0.838003453991527
-4.65076440687882
-0.562423992214873
-1.17151773880344
-0.542807059993044
-0.836327568949921
-0.181716967938376
-0.533079374815464
-0.313082987640317
-0.244552885874363
-0.636020981412241
-0.546184582546964
-0.779829531238932
-0.62647396898936
-0.34982447503904
-0.404576552182352
-0.287712083175753
-0.407714505737289
-0.262205484658929
-2.59349814438732
-4.81027101489928
-0.137138305709836
-0.17211327130238
-0.308003327614455
-0.539847528933683
-0.800023119149816
-0.33033968207658
-0.43040560603655
-0.665098921353398
-1.39590254738568
-0.0517345350560978
-1.08449058591589
-0.834353118780853
-0.382858862404156
-0.800124510799675
-0.650338564051494
-1.42609115723316
-0.782771230132446
-0.322881675764218
-1.23335734919484
-0.329806365432138
-0.417592440410834
-0.562639301122285
-1.0822508883776
-3.57423441611393
-1.17058511989201
-0.518199466024033
-0.31859484906893
-2.22214722918949
-0.140173462054368
-0.677805882578996
-0.417238676807046
-2.70184912412957
-0.26610856069623
-1.05693749730459
-0.559492355796455
-0.802264709354178
-0.343619424030788
-0.507815966863678
-0.1375992502771
-0.466510535453388
-0.536824645674358
-2.12609978696149
-1.7908972581647
-0.417891287664279
-0.470724939568596
-0.0474098311713191
-0.123068275489778
-0.74256604469719
-1.05439279324635
-1.07507498445903
-0.067482040244057
-0.423558366279811
-0.0926082438523629
-0.524732127377565
-0.331120700283155
-0.566319834354355
-0.437868290990101
-0.394446351149085
-0.782651163867937
-0.684984028921568
-2.0847463681043
-1.45269629144701
-0.505373972699903
-0.167614897211301
-0.478521519102766
-0.7176717277624
-0.429152200089247
-0.240055171641311
-0.613934981569667
-0.0025857976563296
-0.478011609347418
-2.43155273773712
-0.36745220743499
-0.132568779847308
-2.04849124096234
-0.582196135139565
-2.92457946791376
-1.8092129847632
-0.314258301294976
-0.823200628939409
-1.13021839279629
-0.405733342318899
-0.192837824460032
-1.0521366146204
-0.730090768758555
-0.254187307132641
-0.615202419798237
-0.49166073618505
-0.751504790827782
-0.555492168375629
-1.52143445609179
-0.175444001661109
-1.97770912692865
-0.480800719541432
-0.256429190672353
-0.144624916745504
-1.77443067602783
-0.246005848094212
-0.320116463264055
-1.07643961851689
-0.57076311077265
-0.62781321287258
-0.628409388182511
-0.330268196730831
-0.247260549833453
-0.64403414480972
-0.964079291810157
-0.641694755232437
-0.654775912069347
-0.419460165510589
-0.23884152118158
-0.227044979394184
-0.0600084872307319
-1.61014375044821
-0.129283796193346
-0.486793142982321
-0.376300494831163
-0.679281093510192
-0.381900992254193
-0.758367434685832
-0.933273474555739
-0.00315371469454412
-0.327273636707789
-0.730946726753142
-0.57358202880155
-0.280312039061777
-0.588312190960354
-0.0724853660226295
-1.26432843124787
-1.191494780403
-0.251499174209828
-2.87549390356074
-0.428555270306848
-0.0276928449456699
-0.317860681323731
-0.57645637192275
-0.434896353745556
-2.42699873329698
-0.292756535996091
-0.398149971155418
-0.0976290090285913
-1.32526554601185
-0.863330978339389
-0.0938808892828673
-0.249262525591425
-0.766074545988912
-0.67715694006718
-0.974006419025659
-0.0121424548875232
-0.043460020120081
-0.910519996172804
-0.491418760845173
-0.389287858821419
-0.475108870628861
-1.87248189710334
-1.05399496655759
-0.2126270968653
-0.214977234828142
-0.233607811431969
-0.637138393384805
-0.509221412055409
-0.949071069315258
-1.22526711986713
-0.401000264928284
-1.90356761942012
-0.109284326591173
-0.030172557080486
-0.0974087995020996
-0.527173902746512
-0.313564991797661
-1.48984894403263
-0.33652433425384
-0.201274066668728
-0.325455641821033
-0.535842386575071
-0.259935584721917
-0.756269937915535
-0.171816837738398
-0.757638980263561
-1.93051537866627
-2.14470456059445
-0.206310205995323
-0.327105349238599
-1.89741936675531
-1.02756295767864
-0.11685308217425
-0.130673336604992
-0.0609858929361096
-0.216370784226513
-0.582825933028268
-0.0110478515110178
-6.14764320938694
-0.366204483241296
-0.508236318939438
-0.470141787958988
-0.389867789769907
-0.26021523951912
-1.96121622986132
-1.41467443485209
-0.223298533513638
-0.289787946759841
-0.388801757689062
-1.30124306832473
-4.17760597176191
-0.509952364306146
-0.392279051866604
-0.950408192532701
-0.996603167550099
-0.334302355982757
-0.341302817585496
-0.201915651607737
-1.64007193348334
-0.276556641100647
-1.4282538562361
-0.246293443626164
-0.417248370106574
-0.184565499198551
-0.620138036348417
-0.667540895851427
-0.469222773719947
-0.552106074101086
-0.522652203618093
-1.30345161886148
-0.213775160241077
-2.03379541531836
-0.485795773693618
-2.34066971601967
-0.439921445193329
-1.61660467231173
-0.129043239831536
-0.0982096890926245
-1.48649663593875
-1.03004149512751
-0.794254945377497
-0.254121280032602
-1.20859362804484
-0.294788535576475
-0.135189151592201
-0.192158658524837
-0.83262452728952
-0.42940907283694
-0.569265937394029
-0.0323397618067191
-0.404663867325231
-0.484852316629316
-0.389925700449188
-0.42050011876565
-0.529359345280687
-0.68153587780254
-0.877754852875897
-0.89562244506453
-0.962539281347159
-0.433826575326235
-0.881337862145076
-0.666872346479748
-0.440635935393962
-0.366295048357046
-1.09788564209084
-0.0358510830392389
-0.0772345379655218
-0.163005150478733
-0.641864325216314
-0.246186478706159
-0.0408153522829096
-0.308751556694883
-1.22060229932129
-1.40977635157156
-3.14272541206552
-0.295082948789958
-0.0580725500592916
-3.1030224949272
-0.223528290620701
-1.28092263575598
-0.401338458880331
-0.274451353860214
-0.227874880771734
-1.21113181092809
-0.18346909840144
-0.377393652052299
-0.305583691726829
-0.308465484079936
-0.915298633823325
-1.38042551492993
-2.99144312784491
-0.886163212721614
-0.385929620325573
-0.728257842474768
-0.0327038672157886
-1.57198970667329
-0.339238587103458
-0.300181403080517
-0.62951713966569
-0.291300252268163
-1.6298044280667
-0.485839220743444
-1.24686558992231
-0.232028893302255
-0.488034152886512
-1.79017571056752
-0.408201261462671
-1.71508567509971
-1.52683465122713
-0.40753700886898
-0.172554642668709
-0.40013535764669
-0.295190113632655
-1.62935080480279
-0.322781000496018
-0.877022793572327
-0.976749701868079
-0.285349497546048
-1.42891923699859
-0.100234519455904
-0.306072695920672
-1.0167625539678
-0.25816279100855
-0.0501789600521406
-0.288115006887731
-1.34697933749845
-0.427994158416367
-0.803590118286492
-0.856559367377315
-0.337254072519294
-0.407032184623839
-0.186272980709221
-0.035518187125954
-1.28313183176681
-0.505215599412396
-0.121386409029519
-1.63913770929056
-0.130419403772706
-0.511130483278665
-0.178625314175948
-0.630243496433011
-2.30770474516096
-0.643869350929089
-0.341696064856839
-1.28568884259877
-0.465490054384838
-2.64083685267696
-0.47096762949685
-1.73161064141198
-0.917834799772209
-0.299109461847013
-0.862306430472888
-0.824906328568297
-2.97933892009914
-0.466355053200219
-0.304942348443397
-1.36420971962469
-0.148637291686336
-0.0836979304582069
-1.78401298789254
-0.511326307406123
-1.09586321163482
-0.0605150586579654
-0.58788892244319
-0.253734621353768
-0.738844911055266
-0.446765368334532
-0.209581131594954
-0.64413115029958
-2.05236692191803
-0.366501044578649
-0.199559776805775
-0.509513380569478
-0.21558411043437
-0.761676174168067
-0.567127800880421
-0.253418111514081
-0.392611910886688
-0.318641499222175
-0.170635765805445
-1.08216549730049
-0.468930530687322
-0.489632542195113
-0.328270935335448
-0.230563999846257
-1.11672547864185
-0.049037185545288
-0.520215723035246
-0.441616206991998
-1.88291357142703
-0.594601474119993
-0.52459701750511
-0.864172814798755
-0.138771836791193
-0.501820965994385
-0.373319723057239
-0.44114745538573
-0.384488231889227
-0.805113249431348
-0.280286121023448
-0.0811213427046777
-1.02623132078013
-0.309193344756676
-2.01206864719037
-0.45998286216065
-0.605516461260358
-0.245892625724385
-0.305906562244365
-0.0632035443469093
-0.440852919324347
-0.493498288720094
-1.12477326971231
-0.484376043502631
-2.72310808402028
-1.56252330813074
-1.09647471685413
-0.408482904203146
-0.896126232235015
-0.101710314907877
-0.204357931431724
-0.890383464846291
-1.30623449158309
-0.349341027709268
-0.635820018980589
-0.71730428672353
-0.13531431021379
-0.274591477875754
-0.335097237508355
-0.711586212536127
-0.695491444302494
-0.204528222068396
-0.279622520168108
-0.0167695300830793
-0.709839470357916
-0.678058037862959
-0.0329607008133733
-0.650915223388163
-0.29089496744717
-1.06146345600823
-0.861534616956373
-0.246468981095247
-0.379973836964107
-0.224048477510355
-3.41192955732459
-0.41949853908644
-0.449072661199819
-1.7814372133969
-0.172188343812891
-0.481796950960994
-2.05968738182599
-0.794411805634075
-1.29428062198026
-0.50814626569949
-0.966451417663234
-1.47734802456466
-0.853691832080611
-0.294259823528839
-0.582032498669601
-0.0769037150422096
-1.82466812849304
-0.149132056856331
-0.112869298232527
-0.138677094323146
-0.198298399977441
-0.395240428184889
-0.0883229048811891
-0.405041819791454
-0.537200772811725
-0.769793299423795
-1.2875163124114
-0.464297417128538
-0.329643377734439
-1.90333825460879
-0.0811311905672043
-0.934014151407646
-0.785547649800096
-1.42821599467626
-0.254609725860328
-1.21584331679907
-0.888100366084552
-0.52930283555586
-0.502300191962964
-0.213919125405384
-0.404110985308524
-0.799961334652491
-1.00826378203793
-0.702950928684464
-1.397808970242
-0.441855114797716
-0.0527328229170674
-0.24351803260948
-0.111279061713107
-0.109907960218155
-0.259763572556772
-0.517220306226196
-1.91430805068964
-0.811204770848905
-0.260046901912339
-0.0208571960222009
-0.211816722574834
-0.286036312282178
-0.150836783914282
-1.13644262356777
-0.948196293243586
-0.526579192098065
-0.351907496766195
-0.371254969126297
-1.26253338226384
-1.80347507419801
-0.202574158997469
-1.52116337514462
-1.19334705071525
-0.234662971824874
-0.287471675822235
-0.494312160820038
-0.2042055502343
-0.513933463583037
-0.337249941204019
-1.65509771229347
-0.0419118753726566
-0.148707739660071
-0.247966460637277
-0.408840106531351
-0.152387822957227
-0.547408455017959
-0.152875520454085
-0.16265047651473
-1.34752207061476
-0.936651530312356
-2.12397678915134
-0.366177527087209
-1.12801053854594
-0.0227459734441078
-0.600319627983303
-1.2819786579656
-2.24436923650531
-0.765408875125703
-0.43804299756986
-0.18331206907217
-0.48177945622898
-0.297106505851324
-0.632138072487996
-1.76236418877108
-0.510439682042628
-0.33746311514717
-0.19418261252564
-0.377603112425796
-0.840788722926183
-0.202563719999575
-0.243288136637963
-0.362819198245053
-0.146745048625321
-1.19922681932988
-0.338699988945587
-0.77225706876555
-0.497934495982685
-0.201240685484128
-0.348424883611994
-0.955404151052524
-0.472253942634844
-0.668363885384507
-0.558662513798058
-0.8072233644982
-0.598651455735259
-0.190937820655548
-1.08255242328361
-0.94171133836873
-0.0189412419925017
-0.213907176338564
-0.450076274652995
-0.813302884656539
-1.47835486045452
-0.804820844463027
-1.56951143007527
-0.289944593200237
-0.762340203253489
-0.211602938424041
-0.299081430009994
-0.141157973474522
-0.917371620149596
-0.116377407534282
-0.318987734434815
-0.365162320342453
-1.60418533756594
-0.189744875610383
-0.829790277437554
-0.636168784584422
-0.304439656041332
-0.465003378913566
-0.668570150099571
-0.652216433690879
-0.530973783346627
-0.222539577111407
-0.0892947819080478
-0.673708470810387
-0.537819795487938
-0.294890105240896
-0.87651249248339
-0.540254366066717
-0.275543134655014
-0.571544673755683
-1.49477621991442
-0.0593753445689138
-1.03824400783874
-0.371658121344553
-0.941540656450286
-0.405979426324383
-0.34280222179713
-0.317744411636809
-0.586265406410855
-0.4942571384008
-0.590912647508366
-0.163447585709034
-0.436213172896701
-0.165673063198723
-1.20961347494073
-0.334151007535895
-0.341264665483957
-1.22924864775573
-0.478034213333069
-0.14515935636015
-0.408585153024347
-0.399320602406135
-0.305936791761783
-0.590688444438233
-0.232666590969742
-0.399501199321025
-0.582015806437611
-0.181312544810977
-0.504438021852065
-1.21589271560023
-0.366256706997839
-0.172558286815784
-1.90030465572248
-0.833759613431525
-0.0485521835760453
-0.321483138533344
-0.0937852020388388
-0.699077408993746
-0.193133718636631
-0.592857230854583
-2.00693054658342
-0.134744019523854
-0.772764296091594
-0.628191453398126
-0.414478986317392
-0.71124971259645
-0.143050515506374
-0.0138300988033831
-0.237404788893813
-0.508117962248194
-1.43698148111491
-0.326979707126838
-0.426779483587102
-0.339421833748341
-0.204756415291597
-0.447773581533257
-0.0529977043414058
-0.970484006460404
-0.76754404706924
-0.968097464428143
-0.52392595606005
-0.207647731621952
-0.0691731667673695
-0.4684702509448
-0.373009610216874
-1.2237783033059
-0.545001331500178
-0.356846597885423
-0.187575712511251
-0.112416747580942
-0.401724012830111
-0.393578540110107
-0.46658076972971
-0.696247074423278
-1.3180330806222
-0.472136152500862
-0.606824608333837
-0.323784161392003
-0.108762798481651
-0.444453553087347
-0.277995130234344
-0.920125657191233
-0.800032831926361
-0.511619057297204
-0.286548990839392
-0.166980475011399
-0.349904860072752
-2.16113259461945
-0.178109197601882
-0.545765911756062
-0.614734900303104
-0.0365848644081175
-0.277525269919963
-1.37828074088864
-0.485105107877152
-0.460273022915975
-0.429642335064972
-0.95041971840301
-0.279618826390392
-0.271744787648391
-0.883056866471164
-0.140367638905109
-0.0299208799526615
-0.0908730990489252
-0.0475647287397581
-0.155664634889499
-0.363579353458988
-0.629663679316472
-1.09668307590274
-1.66628134997714
-0.772547767353398
-0.602673710268205
-0.199177285566226
-0.864773568902611
-0.225621530095815
-0.265312245108618
-1.1634416110354
-0.522478870938545
-0.488836035333565
-0.286331109302188
-0.209416997750613
-0.221800183917917
-0.502319894754154
-0.254916315589105
-1.45960401740013
-0.000681884195320189
-0.964962715751614
-0.547774351351913
-0.252514580801898
-0.541262758370066
-1.42673668339119
-1.33779213051575
-0.162525698496098
-0.242067051075512
-0.81081567195572
-0.926538914693201
-0.515333146089527
-0.544398776153762
-0.732106592383561
-0.666133300271338
-0.0232649878401151
-0.483805673742011
-0.58095709689123
-0.791922005679683
-0.305441806231375
-1.21590303391356
-0.557803813294937
-0.119519948597284
-1.86341182210266
-0.260216708904747
-0.246548571439104
-1.30566540648803
-0.41522137324698
-0.346735305914367
-1.23528814628362
-0.288899486295396
-0.164730639818746
-0.381619875352142
-0.372618385034378
-0.232366497451823
-0.734458024481297
-0.905509322161693
-0.148527372764778
-1.83519919543306
-0.183924112199698
-0.19300846238902
-0.38112360825525
-0.618175172784607
-1.15309693360011
-0.287576558452069
-0.00125846682707815
-0.0894523459062781
-0.427226789446957
-0.31773410474148
-0.0118660228483154
-0.235572401223312
-0.629482161648513
-0.691442580607043
-0.505212443692636
-1.58031900954278
-0.265919955694457
-0.587981629228283
-0.0311723495223062
-0.0731260146304051
-0.470096360753195
-0.364497482081762
-0.95840234823271
-0.133113423325946
-1.32538445790941
-0.228521555296277
-0.38555435544484
-0.140949360701306
-0.631378683599696
-0.150762632173481
-0.631825017707934
-0.220549616585262
-0.344065690703384
-0.243816487912323
-0.860504475009897
-2.16201570311922
-0.203901342166348
-0.346185149330301
-0.638296852322741
-0.0564617414177244
-0.0139614128350018
-0.596919929145986
-0.364285668170994
-0.790430407549433
-0.327204711353753
-0.221086864553182
-0.598185141641965
-1.12703651582294
-0.00807484347478371
-1.59283620385577
-0.0442874276416802
-0.0957386894770108
-0.343958013934
-0.284232307195673
-0.207788496666478
-0.942745449212865
-1.44403146390596
-0.185941535300041
-0.746694678228941
-1.03783363417792
-2.06551475398728
-0.0377990824034849
-0.326277307825585
-1.12228907747434
-0.800945623075022
-0.32090891692239
-1.29825636992869
-0.410818031908997
-0.276497179355235
-0.357675169533993
-1.66609594000639
-0.224533758375831
-0.350337308260074
-0.0335487909183713
-0.80232605856309
-0.0207074289204919
-0.192499240157115
-0.273993699913563
-0.880242750954299
-0.425502589485833
-0.50687372194789
-0.166339379349313
-0.827236449375712
-0.286806173144523
-0.46127156082445
-0.933678163772361
-0.750707088754542
-0.452952078237638
-0.223439457615918
-0.323634544911993
-0.119332208135755
-0.790572504468193
-0.195019612620911
-0.0875030435677657
-0.129401943657841
-1.26493222953306
-0.892763989159481
-0.27564659673847
-1.32696258910157
-0.342462938720385
-0.139007059833224
-0.131922716052523
-0.0185394103369773
-1.11529066478267
-0.255159344861465
-0.153494489200919
-0.622093996318104
-0.450596378664993
-0.262438142238274
-0.372589783704201
-1.74606022195068
-1.32489425103261
-0.171890766224795
-0.35845777891813
-0.285750306193286
-1.04569983787529
-0.0266421784559322
-1.60377340447518
-0.436816530883612
-0.356970550413505
-0.784920620322604
-1.23954139446899
-0.537882697871416
-0.532981057331495
-1.15739832515554
-0.38221603462691
-0.418489337291763
-0.212965503158061
-0.258861847977126
-0.121480426420221
-0.762384692969826
-0.275029173919341
-1.01051035117511
-0.681839832876837
-1.10510363698003
-0.164132596274169
-0.341017907676153
-1.55764566110447
-0.289064462009142
-1.02973916466931
-0.133492421878427
-0.412850692718542
-1.07359201113298
-0.128387153503297
-0.0352712124205308
-1.61699893320572
-2.43271992015692
-1.73017717004085
-0.515216792898083
-0.286190416051878
-0.478298327992526
-1.35046908174705
-0.487710813450618
-1.12274377383694
-0.961893605833787
-0.266308210307871
-0.537897670932004
-0.151378624623983
-0.213474395815932
-0.152069568943605
-0.127904653852572
-1.36231590982685
-0.220825493713467
-0.179118818493996
-0.971530807117574
-1.19486738292538
-0.390554285523383
-0.612267081380194
-0.390849098180936
-0.2459512615602
-0.151657801841993
-1.62435709262826
-0.238392448460729
-0.312386434023009
-1.4104016384906
-0.0754092841314581
-1.80105741663879
-0.0513681914379047
-0.0471993675626803
-0.0336358464485224
-0.607849620316081
-0.115763989436142
-1.00445649384391
-0.667465776645509
-0.963745707771147
-0.211457311136932
-1.76970162727159
-0.317807164631525
-0.867171386377269
-0.152360871720349
-0.484525931400015
-1.19373858317493
-0.42192582422792
-0.26821880281673
-0.167848086208271
-0.247144839879796
-0.500321032527831
-0.189132975650501
-0.976048178602426
-0.509519471012472
-1.12154612575111
-0.19462066029548
-0.314156293679243
-1.43498055815402
-1.04256025995591
-0.149214478967809
-0.373134608913672
-0.783455484882678
-1.72332723558937
-0.503901686437417
-0.0597487711319935
-0.306911149148908
-0.718118954404581
-0.720249183748136
-0.513957730183361
-0.0409566921348768
-0.540576888280455
-0.362071869151301
-0.478973152880327
-0.357775159446631
-0.297203054904421
-0.12265865237083
-0.366999416503494
-0.694023847273906
-0.00613115971485008
-0.189937973794842
-0.985435506364175
-0.118049344199332
-0.236161404753157
-0.448433889586989
-0.684846215647495
-0.489001951561772
-0.0838427282101741
-0.478817116391841
-0.901691201990735
-0.226844148843511
-0.413964823303877
-0.213103791091981
-0.978621743600952
-0.854311550172776
-0.236463830778362
-0.357063861705634
-0.27427021912883
-0.171913836070897
-1.68156077062959
-0.00688764564938869
-0.509971195585597
-0.518061556323468
-0.295305308200451
-2.2922845383275
-1.73295191132835
-0.402260158368463
-0.469333844377274
-0.0568219452271553
-0.143320605527682
-1.5341397704733
-0.13483802042163
-0.24863465202596
-0.356453363356099
-0.0205782899393602
-0.301030982979477
-0.0466926329691088
-0.0645650058129951
-0.15238102690346
-0.207665088740877
-0.433917424436739
-0.966947815216666
-0.120990958638383
-0.292519039637353
-0.143028352425828
-0.869873917573731
-0.471019302519589
-0.218157901560999
-0.976605021799104
-0.595032082353705
-0.0262752052275142
-0.219446352673353
-0.730550033317544
-0.206969410231744
-0.197787119674934
-0.246501715458431
-0.014439134538326
-0.276261924178424
-0.79122415940184
-1.24072766597845
-0.704805874595523
-0.794510762600159
-0.302227657885139
-1.32802301451507
-0.444864821773459
-0.385870292440944
-0.567477175729116
-0.299971075873472
-1.53397750309161
-0.315927810510185
-0.523805005519012
-0.604164168292287
-0.166105211265417
-1.42826771044006
-1.61423665855209
-0.0404463617966973
-0.741384700992389
-1.51652822500769
-0.644412175040918
-1.23720729627678
-0.130859158039951
-0.672840136835233
-0.501010467703333
-0.128463823217495
-1.31645172379035
-0.648065877564633
-0.736567746975323
-0.316144283643586
-0.293716569803243
-0.932162152109237
-0.0126430046595295
-0.0451813178013972
-1.60393805210108
-0.0826445119377869
-0.375650236144208
-0.256267097276334
-0.160596966867706
-0.703114663283473
-0.101906311685443
-0.418777564442788
-0.813669764151996
-0.192824407007763
-0.133055942012363
-0.0724323456904597
-0.0332096311560569
-0.0492996244183962
-0.911604839219807
-0.168640832469309
-1.25199423502171
-0.179873136270731
-0.340098863079758
-1.01178533835709
-0.154579933904691
-0.16420443371025
-0.309760123263653
-0.518361456287939
-0.0113942011643965
-1.31620660903731
-0.668392611836278
-0.0328133251235538
-1.73026119003408
-0.0284888778503033
-0.374884470841956
-0.111768416168192
-1.36731603333242
-0.412959703890173
-0.153288240835593
-0.00119696638831419
-0.200718576912511
-0.361889914378408
-0.391621115565936
-0.366681122788638
-0.268565083870688
-0.243798382119747
-0.0478363103695914
-0.897607199533032
-0.968381064327075
-0.405110297994778
-0.601086817364024
-0.384971420517927
-0.737263600251591
-0.330049349956608
-0.648743578647596
-1.25729871503803
-0.248422491118812
-0.282905125720119
-0.105299138182519
-0.153875329020108
-1.4066062837505
-1.06665887736272
-0.0666515707643413
-0.532440618680919
-0.109265415047799
-0.666797498092745
-0.256069937617892
-0.26645624429259
-0.541785304437505
-0.153083081785962
-0.543200218025043
-0.0845079885706209
-0.820344798454228
-0.368948334345345
-0.0165741501912895
-1.49231337766154
-1.25745835642835
-0.345908649247207
-1.1300096309444
-0.244221453650472
-0.0701214934415423
-0.618808110183687
-0.372691442576071
-0.539813892109441
-1.03323614026138
-1.55094051795725
-1.02751066992501
-0.226726995923083
-0.23889347414825
-0.00160150163755671
-0.179041154554743
-0.210285635547232
-0.269371576156529
-0.35991109736956
-1.94157615171942
-1.18405792901446
-0.375180985368134
-0.301758233908919
-0.0145437588078504
-0.0315669757717088
-0.17316096542861
-0.789947491084217
-0.250453615834978
-0.419403896539623
-0.289443635787179
-0.115638427743459
-0.00641960555200633
-0.259288591400968
-0.215022759213929
-0.255551413457527
-1.04504026988084
-0.0132831274690619
-0.688534638833285
-0.308947225501001
-1.48107001471484
-0.607967002269469
-0.179533186227627
-1.15550512747768
-0.461043228720755
-0.649078895031414
-0.0969260993860746
-0.42223307344861
-0.420083128665453
-1.1484702482159
-0.36898112680982
-1.03661050518422
-0.0532837184693001
-0.408841520228442
-0.052468808104772
-0.325557610579585
-0.0451588189401823
-0.166475241175488
-0.451620293646668
-0.554144127688995
-0.640926697045184
-0.515252076916036
-0.442560053450224
-0.622724836350857
-0.377515252989285
-1.66855071229998
-0.0686588486735286
-0.512214501012529
-0.112420576353979
-0.506954060836448
-0.259794896427755
-1.58972734777012
-0.272517729655591
-0.43479793651959
-0.340398256106136
-0.0457620541355189
-0.209185586229592
-0.865829732110768
-0.0868051353617304
-0.341054474403212
-1.04035633575981
-0.601466012327206
-2.02838873962743
-0.438370896240233
-0.168571996563857
-0.041949532039243
-0.306181734312929
-0.997469056991262
-0.171104009252105
-0.259288277601476
-0.869610239997184
-0.276164115006007
-0.593193180097526
-0.824673090854398
-0.112540707622671
-0.109041592259742
-0.0740833627882353
-0.288243555711523
-0.351572696866363
-0.00613870225894557
-1.01161754814608
-0.136662169243532
-0.831492529122485
-0.565129531585258
-0.193815375246974
-0.305484861322784
-0.794547935097909
-0.518742289990491
-0.151009382250832
-0.0727532409860064
-0.335212302133182
-0.0400373582162009
-0.0429140352470829
-1.20806275829885
-0.238897084820292
-1.13885584367415
-0.883243530299837
-0.399594580268911
-0.126610519797233
-0.393842563646855
-1.34349295635387
-0.144957077209798
-0.1700162348549
-0.0895307129343046
-0.171678850247525
-0.422977368541891
-0.666752197553779
-0.0917296537441816
-1.31363642184107
-0.514134572457433
-0.214410005218378
-1.45880008016852
-1.22646672773799
-0.212478798158202
-0.592690055338408
-0.397859258150064
-0.495983279293762
-0.185923758658461
-0.682421547149002
-1.37091179619596
-0.378342838262577
-0.345052224921483
-0.339602813701966
-0.818384858607926
-0.0661981215678848
-0.333364459453576
-0.636695290283817
-0.788168596535992
-0.443379417855339
-0.3190305413607
-0.0142081154605167
-0.425807453418675
-0.51401320784245
-0.165949109514527
-0.321129303842553
-0.919703883344934
-0.252444284359181
-0.688590489496845
-0.013557814387487
-1.0818085572462
-0.565597235990575
-0.034626165143709
-0.932532113539965
-0.138878152040063
-0.322653990527244
-1.1161750072063
-1.39128959698446
-0.247679511527496
-1.24312840459456
-0.339830832012216
-0.116223800931118
-0.0010258062239703
-0.254494925830225
-0.744782628196078
-0.0925071401104468
-0.959044876495693
-0.696490333743484
-0.950342512761569
-0.10626657370908
-0.768987442624235
-0.49056677439775
-0.409626796070076
-0.267713540698495
-0.20501956988931
-0.444208542599823
-0.303224424111698
-0.886467976143269
-0.905335073874427
-0.0350965218997826
-0.288685872059856
-0.268170047556838
-0.0626518165500532
-0.640607009885106
-0.0396419204178527
-0.579759855404456
-0.0439970127086217
-1.19923814137363
-0.179543220687043
-1.39736542641259
-1.64829193366925
-0.349947383756186
-0.130065046153095
-0.424283354029358
-0.23147101717082
-0.144002952655835
-0.522742927157228
-0.394911279942989
-0.648458313353784
-0.702011551015134
-0.201176557596095
-0.270554980380684
-0.234413760776982
-0.0648639014956096
-0.136313327582755
-0.438552802571436
-0.0701589519954862
-0.209917429867504
-0.0858182213225694
-1.52551736089141
-0.0263382843253678
-0.263071587844132
-0.590782248377299
-0.315750616239555
-0.501810138632958
-0.823910887494625
-0.608196818394484
-1.41088138923634
-0.270471849167848
-0.255808172403741
-0.719621074402664
-0.0844949159377752
-0.220983984008073
-1.59229585260895
-0.534224922932011
-1.05266256773041
-0.484162442003536
-0.45821009080056
-0.100842620366492
-0.325526292362471
-0.401922309440459
-0.835697807399791
-0.362896595549857
-0.33889077232723
-1.44774921880701
-0.72635682538643
-0.123261583974441
-0.379663891997088
-0.108181926638087
-0.789411425213439
-0.270520309344549
-0.735968866419993
-0.383973196876226
-0.81926795848676
-1.61293761023188
-0.309932026764704
-0.0824101752787815
-0.978361302257686
-0.184872051626366
-0.234619030447333
-0.57996982330417
-0.977299717335782
-0.811689119953801
-0.910761417114551
-0.4594225201404
-1.20549289475949
-2.00711215274513
-0.0206747058404495
-1.16055511578754
-0.339837144035695
-0.848484332124074
-0.230425456704277
-0.275854480729558
-0.783492871387284
-0.580820562474466
-0.39103762720152
-0.205404236969021
-0.830935030499076
-0.748094871284856
-0.246986158533517
-0.542376501067608
-0.791791401230581
-0.401661147346689
-0.0521184079856326
-0.0854438994191179
-0.293349173161339
-0.2985685474197
-1.21981624009201
-0.157020251635933
-0.43029452267444
-0.11006657753926
-0.0636445828272766
-0.0232447369791171
-0.0714052481683958
-0.395729640034264
-0.276313379015251
-0.184213662477474
-0.370912312835213
-0.429497663227056
-0.255398062679293
-0.195420485001169
-0.486277414571707
-0.979112206067648
-0.740641175141735
-0.18794542383702
-0.525611382727073
-0.457701754717739
-0.698940884901576
-0.0303566092237171
-0.2986090504267
-0.424004721957859
-0.60025265123947
-0.381190714111813
-0.386349182756769
-0.450512367059835
-0.764006565042628
-0.087135372317324
-0.529712093510118
-0.286411525450883
-0.108566350409122
-0.559586077963941
-1.32021089098098
-0.162005094155307
-0.361434346983408
-0.11583285483946
-0.281681821891586
-0.222221414100367
-0.443063341773936
-0.264589902442309
-0.067173513927126
-0.355631934159452
-0.234533824164502
-0.39645170409565
-0.913517494255724
-0.0810160680393389
-0.281373489238594
-0.289262555067026
-0.662803506828104
-0.120681655943719
-0.152268559716409
-0.512152293487058
-0.0437020088241264
-1.18091953848398
-0.028577783401404
-0.625086680522869
-0.261308775278616
-0.318161191425214
-0.343488416381888
-0.721737955818939
-0.164991743675047
-0.392001927325398
-0.716528281537193
-0.041423082989667
-0.376922230809459
-0.252615607311191
-0.0685013013550888
-1.47474985297983
-0.138878528361617
-1.25972239938065
-0.199568220541674
-0.119949365715423
-0.418711665266663
-0.0472276080797397
-0.861655553852166
-0.734618421469678
-0.227066905886799
-0.159024571707187
-0.370396513285891
-0.930345098744805
-0.383782233276414
-0.436582678078907
-0.136090721630815
-0.270147109731083
-0.034049749854307
-0.355774852752798
-0.187359540692725
-0.708738355145847
-0.477304505659862
-0.0593550339576555
-0.704476344768056
-0.135782203847011
-0.333288218402859
-0.957114254462673
-0.0336662585053257
-0.248452441593178
-0.172704862578506
-0.221086611895452
-0.835676476194698
-0.0409633916333218
-0.128427898313632
-0.377008208834454
-0.494214178118589
-0.2475430502192
-1.40933882053558
-0.217741450013617
-0.234086582161937
-0.333275709374845
-0.0357013633337069
-0.330246650373972
-0.0610379746838541
-0.171111342777625
-0.186439195123636
-0.00789376619100358
-0.479287545303769
-2.00263697562562
-0.259692743612936
-0.212460027568233
-0.670193216501413
-0.156363715221914
-0.192940547246031
-0.237661172197767
-0.511536271614024
-0.395426481128464
-0.347415564230524
-0.192878187341217
-0.497396196040476
-0.0358944009688779
-0.102039496264488
-0.0113454295962588
-0.108412384787964
-0.933063262118142
-1.78908867599485
-0.366661659165033
-0.0881078890715147
-0.562986600963925
-0.162124931282496
-1.53324218572196
-0.650162916694731
-1.91340702015226
-0.113922849700312
-1.03394406550631
-0.0749042548038126
-1.36183447344218
-0.140342142748025
-0.26489325816823
-0.385148666103128
-0.0808712227573176
-0.310563422775132
-0.551669390102955
-0.159737783579773
-1.15226267137312
-1.00800132288509
-0.263397311188411
-0.674925126121607
-0.24663770170355
-0.0888228755447512
-0.221738812091757
-0.409288027926357
-0.585747189264213
-0.426051597878423
-0.624007790542868
-0.501137106579228
-0.0320329379617647
-0.0727345978569971
-1.75997215550075
-0.111173397772898
-1.71487090224877
-0.545895219092203
-0.962403169609989
-0.352627168244216
-0.439132137476335
-0.118790568791368
-0.0519606249294967
-0.198080503175666
-0.132548890395146
-0.365161014809835
-0.00308435292212114
-1.47049750078951
-0.254497766311827
-0.0253863937027192
-1.87423896969212
-1.37242402980493
-0.781847947657945
-0.195692029214527
-1.068454674768
-1.43128494683856
-0.39634240672432
-0.370762613648182
-0.137948048800868
-0.197718277875612
-0.186490328450475
-0.194961032163833
-0.013480073596024
-0.426483928898091
-0.0751710078298924
-0.260589333754958
-0.207331642168522
-0.000124823135780455
-0.270479017550476
-0.155449213157843
-0.193029335257865
-0.901806990615288
-0.398937475385069
-0.23537475244137
-0.344668203532359
-0.125420219215097
-0.897907927121799
-0.0223128044020462
-0.557143469076342
-0.90594939908551
-0.354706611241578
-0.872324089412778
-0.19264704822448
-0.41756728532272
-0.15105363406436
-0.554880740844539
-0.129340850368966
-0.558008442583681
-1.32884578064962
-0.262438496761679
-0.672757595976728
-0.665684010576939
-1.2581940047408
-1.45570053370438
-0.310279207771677
-0.257533585414134
-0.431557958071416
-0.122817159110043
-1.81387813504303
-0.390586431566805
-0.285117097184141
-0.539192211980609
-0.326237090024469
-0.174800332804623
-0.799295625219039
-0.248359238364336
-0.0304179730585153
-0.679869596123622
-0.7348282967871
-0.242809298590275
-0.0351111938494819
-0.00152520179023263
-0.100781747633932
-0.793639994083167
-0.502950955690793
-0.0420968986427554
-0.132456982134772
-0.94028133633421
-0.110852641800017
-0.367024857663969
-0.0391897728626159
-0.584197116373496
-0.0221059721189209
-0.0384906396420562
-0.171663432338808
-0.169073826827232
-0.286211992513512
-0.140309594388794
-0.0185224762193
-0.170259756625135
-0.163381131888177
-0.50906587875862
-0.0914078487879294
-0.968591987343014
-0.0941217998623758
-0.172767469943358
-0.323340365668327
-0.634544921934042
-1.23769967607226
-0.522691106668754
-0.661783008997956
-0.442324303686723
-0.42509904960702
-0.373074733542527
-0.233937898862182
-0.467390803347104
-0.395284437906029
-0.131247347113932
-0.250406363803646
-0.0635658974901149
-0.10560100819536
-0.029575631508131
-0.250118568954113
-0.200653444608879
-0.355692372205639
-0.841701094393779
-0.126285983603133
-0.21323800260775
-0.1541807599291
-0.0924060089165109
-0.214154210022639
-0.388538068055892
-0.447696746975087
-0.169441896171337
-0.958286961157238
-0.549447446212774
-0.0619262143179166
-0.364301697062228
-0.188516719053612
-0.292188819165126
-0.0421759582999955
-0.231421552954592
-0.0538326476581491
-0.497834902168654
-0.782470889061928
-0.298007525778856
-0.342331808299184
-0.638947184529468
-0.744359438740771
-0.830927521442315
-0.983241488690209
-0.0910941836512285
-0.706715531387144
-0.267530069480605
-0.176507999632104
-0.0770062928787343
-0.032176543196396
-0.377679377889685
-0.252441496842867
-0.0184112371527163
-0.726711881076539
-0.0673522433823951
-0.0605366482750947
-0.825671177014684
-0.380564308600595
-0.113711398478995
-0.311158636945906
-1.16817313433944
-0.512918267115177
-0.624923100011432
-1.24407940724134
-0.678758106674908
-0.433796925340942
-0.166128845477237
-0.0388230623556292
-0.361298622989918
-0.237009259365404
-0.550184721641401
-0.847028114022651
-0.282188266740334
-0.511975327185326
-0.282213291316853
-0.251201836321345
-0.888537813613944
-0.719478650213531
-0.0826753944674141
-0.442396968882345
-0.274510235229946
-0.642161966487592
-0.116128119375187
-0.385618898246795
-0.0411995180463074
-0.533173040734978
-0.0830048255577221
-0.0316152264357616
-0.813262726966635
-0.397452987150644
-0.448078497829984
-0.415114833608359
-0.0764734732675599
-0.141173572613913
-0.0537696915785813
-0.21525781469693
-0.207327642439589
-0.891665392819469
-0.690006462641655
-0.920581449344571
-0.483153596828293
-0.429081853062755
-0.972732738490868
-1.22196156298895
-0.0951286047842317
-0.668523708524815
-0.354152068062473
-0.220921531277408
-0.213800366164896
-1.06185794463699
-0.524341549086324
-1.44573992038123
-0.0601513526774376
-0.733838391718372
-0.00720139146941927
-0.618587606731403
-0.386631495522834
-1.11036853681782
-0.333073586095835
-1.21142589300166
-0.116868808045025
-0.185378214065224
-0.321935650492078
-0.149036674810988
-0.40567354826921
-0.804665919265513
-0.353392603651652
-0.780100756677408
-0.276097223594154
-1.05468116608287
-0.0812642117390655
-0.00625238588887734
-0.104085347316136
-0.177170338696822
-0.247737084472478
-0.915611949664676
-0.577164263711614
-0.748993935705737
-0.57562962288346
-1.15571356899717
-0.690148462685855
-0.125341309411402
-0.160773302286615
-0.0306314467667851
-0.5365751668339
-0.0756899294690735
-0.204127301980895
-0.20525429472936
-0.329983000144926
-0.30332278715225
-0.285370324443362
-0.319856669475723
-1.53979885220966
-0.385950283818984
-0.342882463816896
-0.315106274389047
-0.0223732115596794
-1.6645473643788
-0.195523027799881
-0.164523798427794
-1.24318886088575
-0.0464466210653979
-0.224932046325455
-0.446197737151677
-0.408978162547324
-0.138655521988054
-0.576692423587347
-0.0747368194144874
-0.710374360701563
-1.47551142756009
-0.0943642541975495
-0.20352023690012
-0.387331383416073
-0.201002917412084
-0.302071310817164
-0.600718671197644
-0.00198262080642899
-0.0310154869595452
-0.370636616045807
-0.136736172522626
-0.0654454014581958
-0.522934569140718
-0.286097577370536
-0.112141116630792
-0.527362591021896
-0.152189299151271
-0.749592211856405
-0.166293383488899
-0.0371647552713129
-0.0313510452324555
-0.310659032081013
-0.301290435339384
-0.235373595175742
-0.255186182206345
-0.146396703129185
-0.731487829392674
-0.00176848444641887
-0.782016699561133
-1.39486960142179
-0.0672798678721369
-0.801107848789996
-0.484695541310791
-0.993591545055642
-0.965320636845939
-0.00931077420727748
-0.582367170046833
-0.284084687950514
-0.00671853855408409
-0.592471722312059
-0.318953959169907
-0.359006782080786
-0.019237356097218
-0.0535365315188331
-0.335625349102655
-0.7967256124137
-0.116024490267967
-0.550400287561814
-0.255636690786002
-0.129368727025569
-0.135940292838688
-0.873521558603152
-0.643973616302137
-0.525472682484745
-0.471508320011831
-0.280099409448063
-0.422777977488697
-0.560758977939438
-0.587012300602905
-0.545723485287001
-0.243278210978836
-0.297114329656478
-0.0591486884567054
-1.26801317627096
-0.358216478376602
-0.414877452566929
-0.10490113034656
-0.0548577417868003
-0.184089796094096
-0.214898550457614
-0.188583499428782
-0.138019968295074
-0.225093283168228
-0.357801544574795
-0.739740890336042
-0.030719237728943
-0.685863792735052
-0.930280197246488
-0.0217743028416082
-0.203624234740054
-1.51048733781249
-0.449764432799212
-0.852465135112596
-0.643841397176941
-0.389174391994655
-0.63396441114606
-0.459655733613728
-0.042668825742973
-0.835204934799478
-0.975326112212101
-0.29963225570398
-0.0705239013972085
-1.11570339399568
-0.262397763372573
-0.265458979705219
-0.264891126935702
-0.597786862694081
-0.600026727480901
-0.660584876803574
-0.168420875860911
-0.210497390819014
-0.683502121725665
-0.675651628906145
-0.0984960338466036
-0.848198000633774
-0.133732057733356
-0.232144892906092
-0.106336413887099
-0.833916806098485
-0.977434722016116
-0.0173171643167588
-0.247846383571564
-0.152865009653827
-0.101889614175053
-0.0792391934443397
-0.15842014437237
-0.480232621383247
-0.308250849216113
-0.75701038891159
-0.0933520500640253
-0.78585669900655
-0.346079997463618
-1.17173393842017
-0.421557535764718
-0.109256404318704
-0.388836130056283
-0.118180816030279
-0.337270008090655
-0.848763102079086
-0.190540240640839
-0.246508164501667
-0.102127498698747
-0.326859219223008
-0.194955429118362
-0.192864393014725
-0.675813175003751
-0.0642069514706601
-0.00739592623776379
-0.486311014094818
-0.120754665375187
-1.06302601361347
-0.155059107126353
-0.3290390351528
-0.293682620999765
-0.482940983036436
-0.240517478986848
-0.432479042436931
-0.233114214903806
-0.193916055753161
-0.276326058444209
-0.146683200401397
-0.426849079082187
-0.0262838260794191
-0.164180860609898
-0.494688384023272
-0.660343625116619
-1.40439034287894
-0.279836222958844
-0.188368820919131
-0.100286905937215
-0.565811227118089
-0.193609246025033
-0.00927805164353412
-0.7570655344062
-0.109157103961967
-0.840612545282519
-0.0897463334568629
-0.709512558963596
-0.172670703286359
-0.0433003232743623
-0.199407174814089
-0.733483373606587
-0.166703673911419
-0.600427961036007
-0.290384356232677
-0.808683875099041
-0.90954534230163
-0.176845026881775
-0.553310322571656
-1.29798380699685
-0.0508998847951068
-0.300514840722636
-0.208005519481042
-1.08095456786221
-0.526177941490558
-0.129317909558144
-0.00782898660917476
-0.0242786240141638
-0.401804668860694
-0.161879689436827
-0.41400861709509
-0.0528046555498801
-0.228449107044101
-0.0354437299947227
-0.435339320348004
-0.0478206335397847
-0.155890518328326
-0.173363831116488
-0.137042274417913
-0.105208214175126
-0.957952913160479
-1.17229517880162
-0.185428796167694
-0.0552771933531254
-0.31437807373414
-0.139382962209081
-0.0661442706359884
-0.485526677068999
-0.029423027808453
-0.0193084593941182
-0.267227926140872
-1.19750924115186
-0.290749581325513
-0.13259921820398
-0.319767278356811
-0.353480428857967
-0.133638226213098
-0.0570271378534972
-0.44884962884562
-0.559259857599791
-0.368016159450073
-0.745911958545649
-0.735312562185169
-0.153776117599083
-0.30533542988698
-0.113604349134762
-0.371839075245993
-0.462936688725076
-0.227244107876983
-0.416856193367104
-0.680004069222133
-0.0465184901532573
-0.170864770787272
-0.285856213553294
-0.0460518568159921
-0.325370953489746
-0.447165267592264
-0.114800537114842
-0.339284389672522
-1.11384887938071
-0.387260569652754
-0.460845816957574
-0.521828554872387
-0.0516333931073469
-0.0110537987193335
-0.228730921221783
-0.307558348010905
-0.314446489397488
-0.504346579215387
-0.0890513782941478
-0.0124137106458094
-0.492071295524975
-0.326678433226502
-0.953688663969354
-0.0123652501746329
-0.0573491454401398
-0.117172718459256
-0.287329187431734
-0.221582416025184
-0.0205191208100572
-0.441606755339943
-0.0475942921380459
-0.0741851530519579
-0.776508375029074
-0.423444141918284
-0.174735725244077
-0.266490027881903
-0.643453332781139
-0.234290615329215
-1.10404892566284
-0.190365413117849
-0.672484947198324
-0.122427422352956
-0.260430516719717
-0.638963918711402
-0.248364442236107
-0.119927886392024
-0.030858232710916
-0.241284164086713
