-2.19857481173261
-4.62002802805512
-2.28006745542456
-4.17877709538985
-1.47057171734613
-2.15028493200745
-0.909210321916387
-2.26397322779633
-2.5549026004112
-0.024616496109208
-6.79338600891083
-1.81084316473865
-1.99388224558423
-1.61499543676526
-3.99916070284482
-1.10900456057173
-0.943759781287286
-1.48531369519097
-0.709209228519688
-2.16206783124694
-1.42335440260545
-1.4781780413591
-2.05099775679641
-1.49481045699215
-1.64786129527479
-1.42871767278545
-0.957265159969054
-2.90242316847213
-1.90925254587017
-2.54088566355156
-2.12219111870247
-3.74601800767527
-0.133036527367007
-4.04744769417435
-3.18324197754119
-3.22773640536662
-1.80950461636754
-0.622171136402677
-1.21634450970787
-1.51604088573343
-0.443193553524611
-1.20340913452513
-0.593660479140247
-3.6726849251473
-1.18525890344217
-0.59367218293163
-2.03882738341102
-2.55231809433837
-1.95074181969418
-0.714337690159256
-1.22028925349471
-0.0439634235653622
-0.868852819940262
-0.631856306735198
-0.211370645283037
-0.80898817001252
-0.0152712862826567
-0.101296551893619
-0.0661794766437688
-1.79695826097962
-2.17728284605782
-2.69536247147683
-0.800670395961468
-2.58340727804993
-0.763016745498145
-2.13223405674772
-0.557449914855491
-0.206098742871556
-2.44698407029349
-0.43063668405606
-0.63171313504396
-1.66047360788586
-0.539577403676977
-0.700243192077502
-1.18177630445728
-3.43124246969027
-0.232907351829218
-2.78004879256421
-2.83324485424268
-1.12428702985633
-2.90624145338144
-4.02391974598142
-0.0237650310233457
-1.28769104838315
-1.25996330834804
-0.404598589496937
-1.22811114815282
-0.511069960975814
-1.0541046834855
-0.365449669502892
-0.26209333167831
-0.454156680978357
-0.179696637928111
-0.620760672561492
-0.281364340337739
-1.18969711735558
-3.1718665725019
-0.0750393108394306
-0.861442885664154
-2.63079298639318
-0.251603109224629
-0.38942438435279
-0.611987880850129
-0.832111146260052
-2.18414961828023
-0.64865696470994
-0.294871174226727
-0.413764289465829
-0.696589477171529
-0.613555983689576
-1.94234786566697
-0.133086862509787
-3.09906345737347
-1.22966331175466
-0.406849464465855
-3.90623893110968
-2.1401112116026
-4.70640030064165
-3.58719410790635
-2.89256570426416
-1.32034097682043
-1.00333114387698
-1.67592959306929
-0.708970718944371
-0.935555281861939
-1.50380819221132
-1.03403891194882
-3.76498098246457
-0.35988147970661
-0.0613004489911948
-1.26635947331822
-0.672585886424974
-1.02211547905267
-1.29232760412731
-0.889495495497587
-1.08517401317102
-0.602759189755665
-0.161781184796658
-1.12773046659761
-1.25474053467755
-1.27941460379569
-2.22981341066847
-2.99470544650088
-2.84705154974245
-0.831817049109478
-3.56236541957715
-0.0680182882939356
-0.833296547882944
-2.10456429231298
-0.68376409751845
-1.23585375668909
-0.950265206089571
-1.38043104082334
-1.34829768360185
-1.38953177547643
-0.974944569092143
-1.08642085393757
-1.6869988586185
-3.67792181397539
-3.17278452012843
-0.898152876066495
-0.679620602069543
-1.09514427630342
-4.03904778952002
-1.29038982785412
-0.537550627725524
-1.57779736478459
-0.621238528146101
-0.219836873270644
-0.27452460791625
-0.993874807344366
-0.385966453060785
-0.248310228311728
-0.76367417103249
-1.37723831959287
-0.687320957616947
-1.36128367758977
-0.616101256728146
-1.01259851725501
-0.645910814574946
-0.388374328248338
-0.407080894337095
-0.404574988553881
-1.43578133968026
-1.4895951790207
-0.81065172452331
-1.58981006705861
-0.253724937780273
-3.5024755452581
-0.0615188515032767
-0.346487189758891
-1.15333415282389
-1.01689415947139
-0.349025616546182
-0.572509937989629
-0.476657284307277
-0.836387985017694
-0.715675178213502
-0.467537005664802
-1.24890160352386
-1.72848623510519
-1.96016546677078
-0.343186487255788
-1.54784526257827
-0.771173306061783
-0.460425157159387
-0.283422172597185
-0.7775333594243
-1.0230226400673
-0.750971634741079
-1.89157145682733
-3.15507193289911
-2.4622201109878
-0.323706102680817
-0.473427938306659
-2.98992757555398
-0.918195749456193
-0.454059509134703
-0.347319037718866
-0.015362637215776
-0.291207582586075
-0.774418112229685
-0.270778712698128
-0.488142432789858
-1.12121212264655
-1.31656206098875
-0.375797221972092
-0.026672829550492
-4.86754677840336
-0.135836108420069
-0.441201420539841
-1.0907849278457
-0.72435293739061
-1.1891054744426
-1.47239774511007
-1.20927033729904
-1.14706514605308
-1.80376083121162
-1.48986406290241
-0.162518618602968
-0.667980168509796
-0.913553472355912
-0.355631470083479
-1.86114709987765
-2.45723001803619
-0.299450279663047
-1.34622111379139
-0.995058277469013
-0.100176315803956
-0.311383185993809
-0.0693166183585775
-0.759574727487327
-0.483760245689683
-2.83496222670641
-0.0672074187093715
-0.361866257137778
-1.14163504397953
-0.44174119231415
-0.00133073946203036
-2.0000797392346
-1.53332049689622
-1.54103261859067
-0.89184125328303
-0.334829776430343
-0.669204995362986
-0.960575212003432
-2.00805646886482
-1.66919065404781
-0.761220946517167
-0.539113262952922
-0.351543967252935
-0.130998778801578
-1.17197324249931
-0.669974416340902
-0.938713799357833
-1.93416795221087
-1.46287904910297
-0.0791166008487125
-0.516262338782868
-0.470357388980419
-0.575810517514534
-0.0500075892677352
-1.53151677766378
-0.508948064686117
-0.892245557738717
-0.233348536279247
-0.456806415635706
-0.886933744478776
-0.0204686593206634
-0.456492899300161
-1.25566559834475
-0.501048721269359
-3.25461722269948
-1.55317194216729
-4.10274261370677
-1.08194776618698
-0.793795256420409
-1.40993333699995
-0.238222862311766
-1.80808036023822
-0.259437179887254
-0.714969979316335
-2.68759388224515
-0.145315072340739
-0.253387204396601
-0.256789940274168
-2.80367108093313
-0.659701394594163
-0.679249956750194
-0.042704355024376
-0.352438179203931
-5.08325018407316
-0.621347568501329
-0.431420730145843
-0.632581153564683
-0.847307333004714
-0.398109782616062
-0.89647475200554
-0.0502192966109319
-0.99264547408991
-1.21924682713549
-0.519662894606841
-1.17850345994678
-0.142604241634921
-4.9864277244452
-2.59385151287656
-1.4520002984995
-1.66350948979444
-2.18830373819032
-0.514595250794144
-0.0321282216462635
-0.780484497757698
-0.638983405670371
-0.140163432179808
-0.272243509528674
-0.130078129817435
-1.95443400650089
-0.161665985261078
-0.523101196662541
-0.209439142370044
-0.588124680028959
-0.114957255704557
-0.717110739234809
-1.30322996882654
-0.470313266439366
-1.15072216769847
-0.291840839557102
-3.86396723308612
-1.07166896963458
-0.168169234257302
-1.35045563225518
-0.831754977367868
-0.356719544808574
-0.524222824794213
-0.569302468280784
-0.482023212257385
-0.17637981235257
-0.673541657086991
-1.39576679273544
-0.831503293067635
-0.0262055760142011
-0.395437093958968
-0.174927385105497
-0.49927245448006
-1.43150758692749
-0.155215166162008
-0.276158945790401
-2.70323144224422
-0.0877890535864113
-0.821974796117322
-1.19999073175436
-0.69393703916087
-0.614688756178403
-0.92912647525464
-3.50229762050552
-0.769129869660917
-2.9055600072701
-0.142674580294101
-0.0854930403608298
-0.806029683926073
-0.746481313725306
-0.20290504205831
-1.04186313244958
-0.638543064848653
-0.125020823299688
-0.338296966970378
-0.340227010646508
-1.38448464402594
-0.137900249052998
-0.161365161546132
-0.36733394145691
-0.222275497208678
-0.111159528208733
-0.465336565609214
-0.0037602632616852
-0.018587850743948
-1.11296692387324
-2.55367443763544
-0.259871423667431
-2.46857882741143
-0.509954981312681
-0.727776867067091
-0.912625799192267
-1.53045358641529
-0.352827411934337
-0.254644275548379
-0.486115251681953
-0.160558696098551
-1.71143842415531
-0.482173957790217
-3.03711806509977
-0.477658447972301
-0.617416361092039
-1.42782286316014
-0.799783376128082
-0.580492485466969
-1.11100358122192
-1.13578477409948
-0.106338296565806
-1.7927509568028
-0.856238867989926
-0.556491246654499
-1.05672350689494
-0.717688820141645
-0.866938211736777
-0.309006443480442
-0.572741665103979
-0.269848049829621
-2.80600168518114
-0.285016042237172
-0.86692342210372
-0.849332791349142
-4.867177025174
-1.91734145724601
-0.345601489217976
-0.498462466822352
-1.21665561254508
-0.265596038215317
-0.561562775890303
-0.895854028669359
-0.554817271815791
-0.503106775323807
-3.22323824419847
-0.0104521361208578
-0.377755661246863
-0.607871151271961
-0.376598877585785
-0.0370013445205365
-2.08146358369256
-0.281263445277374
-4.51662865531395
-0.866559723058896
-1.11923516974803
-0.234703036816019
-1.28698936279771
-2.69370400784972
-1.75994867318745
-0.202915714962804
-3.74708307361242
-0.241994877211615
-2.15137521126558
-0.483889370307191
-0.400166219597615
-7.77581044825563
-3.15956033972633
-0.614708898852077
-1.10065323217209
-0.299458006607072
-0.663712129900952
-1.49011483423569
-0.953403859770155
-0.368559150902069
-1.25613456504059
-0.181894018466937
-0.916095341855787
-0.719952223055502
-1.15742806663449
-0.945473037529236
-0.0915747757185403
-0.156482581155377
-0.808142229100709
-0.196481163382437
-0.801223432713505
-0.385452668733703
-0.141243752183556
-0.834801870150444
-2.1745663440734
-0.147133361239226
-0.0120566932973977
-1.05260663571228
-0.239278278209887
-0.459464169747898
-3.7291212757917
-0.842169012872204
-0.745162255157472
-0.226702871207123
-0.420926037362908
-0.887762097368622
-2.82674655812833
-4.84416972393821
-1.01158153099265
-0.239382461558035
-1.63129717168414
-0.12411029481861
-0.914765145868717
-0.535713384127944
-1.09083027328303
-0.0281183553489863
-0.702521033970966
-0.0695491080727435
-0.939852307286105
-2.15797442356085
-0.0303091922949144
-0.332879096222243
-1.79849338788495
-1.35090329818651
-0.307846029364883
-0.311086811997395
-0.668727185119584
-2.94985120013095
-1.83117479094438
-0.427747517779023
-0.49190975579407
-0.366728794795052
-0.367650978721854
-0.49599238005858
-1.51534049927009
-0.270134145863759
-1.15205250368818
-0.0816601770953808
-0.730911081453805
-0.276250516279253
-0.352599880347904
-1.21945614723416
-0.0153566504458266
-2.1874464068147
-1.68727638281942
-0.508012018559758
-1.12707167835922
-2.55223600071216
-0.195822651294702
-0.561694833381879
-0.0494929154406453
-0.472342560582312
-1.96277715753666
-1.31029680752321
-1.52124419341388
-0.465045367141018
-0.889174694392526
-0.885303450599023
-0.175091969446077
-0.919215292201877
-1.08667615709771
-0.122431879444782
-0.50927962173675
-1.22207715668873
-2.39520945325404
-0.100713185281611
-0.268325233170427
-0.685114451542928
-1.76462819957704
-0.709491586580031
-0.104707115392355
-0.365142862077479
-0.190419985963994
-1.40111220808718
-0.0367956345383585
-0.651709521935602
-0.334457265968009
-0.736810880480101
-0.0499511731696029
-0.5773731429952
-0.918051705304482
-0.492182286655794
-2.89946957505591
-0.690410566766304
-1.36650408445178
-0.63291265798912
-0.686055572411437
-0.552965775839263
-0.746193340617631
-0.853215952603884
-1.58515088374697
-0.565255005674379
-3.94946261477545
-1.79624211936855
-0.133998542500626
-0.837032530400529
-0.42579928149243
-0.205440206586965
-0.680153315832392
-0.788807468067084
-2.36591153170442
-2.26508630063495
-2.68332480130932
-0.0385299747171536
-0.0108792219313293
-0.109799018578648
-0.73291350791615
-2.76800909938591
-0.264307951056857
-1.92001689346711
-0.926391441059786
-1.09226787471375
-0.824580448028046
-0.599936528318604
-0.413877100795643
-0.747659852793618
-2.94230861576572
-0.221299758341303
-0.441095880472192
-0.306336298342384
-1.56710758001761
-0.78035439753284
-0.0841120113228066
-0.167753327597472
-1.43284842519147
-0.0994117845852004
-4.01873342413868
-1.44217806770505
-0.140889576616667
-0.796476506356616
-1.05467359790149
-0.452290340054252
-0.0423737328603101
-0.600436127286777
-0.394052880108402
-0.0538601435972473
-0.183781059105951
-0.104228230776911
-0.525591276235173
-0.781827642976997
-0.170157890996884
-3.29687025189322
-0.0581503906866273
-0.178770133269693
-0.407819566479132
-0.442319491748992
-1.03684363391702
-0.678094930779982
-2.97142525821371
-0.634775930141242
-0.327523325914983
-4.30469109593132
-0.304327581260718
-3.54503152760035
-0.752551266202049
-3.31305396297597
-0.949736728178408
-0.477857795026723
-2.37902987112583
-2.49022646983931
-1.17387891695666
-0.299616425869142
-0.132111285248907
-0.0409623281212281
-1.07214396973195
-0.868642920215064
-1.5749218927089
-0.494364939969378
-0.21448985278389
-0.694733931635313
-0.599910993158421
-1.14746784789139
-0.258019283533027
-0.0947391069853272
-0.794131995622507
-0.518449261343313
-0.107422228755909
-0.715444645831521
-1.65792765501832
-0.87135307421536
-0.119642282637173
-0.0905691347544382
-0.143089501531928
-0.00942047739531627
-0.529844581883651
-0.199927759702961
-0.161240530394495
-0.0498465544691091
-0.358993104972015
-0.647577712189993
-0.728709630233803
-0.642616542334669
-0.0619666534980593
-0.501970563826252
-1.38778214862276
-1.08517264063994
-0.031046260667428
-1.71907047618632
-0.370073155716001
-0.281497268605606
-0.325501969150753
-0.239263052444509
-0.239310230654403
-0.0877536827782774
-0.644167480417193
-0.06641669707778
-0.196709043239667
-0.737135910382015
-0.0590706429014288
-1.47972514744539
-0.761405554573324
-0.397340020965431
-0.110691650102351
-1.13210720784721
-0.685423561264914
-0.399671733811401
-0.326596869257686
-1.55853657989545
-0.352381142198893
-0.0269178794433917
-0.9480341816065
-0.592606141184503
-1.30833302318054
-0.808331154276525
-1.11559241477169
-0.445837651909605
-0.274659839795718
-1.01261866442222
-0.390082351693582
-0.29071592289216
-0.221604736544933
-1.68237980120723
-0.648824701098095
-0.572899401563434
-2.50365539673728
-0.0706530704215962
-0.0448293924563124
-0.159121209103877
-1.92352676348263
-0.339994020517904
-0.00296304156982546
-0.625484799567188
-0.690223892256103
-0.592094066465372
-0.222018877220423
-0.146130688436772
-0.929053776692732
-0.586852467825545
-0.251696877782319
-0.628939551366386
-2.0761235842895
-1.53587429818205
-0.649051292440257
-1.00811498374706
-0.0951560493011969
-0.223021426238078
-1.22388092738302
-0.301947251175681
-0.149185923395135
-0.0970945446966186
-2.55946543536932
-0.0767260172723074
-0.552667354706372
-0.751615046729015
-0.51426783008837
-0.728059358140622
-0.670094026012318
-0.442495530875839
-0.394052117268253
-0.677144293523064
-1.67559321216263
-0.557134170803159
-0.0679690825504725
-0.155838890590791
-0.266236275104351
-0.162196461119452
-0.241335595649424
-2.01758354815153
-0.783196191272762
-0.00868510407234795
-6.07911136963312
-0.252319856957905
-0.193486981253986
-0.145180499228804
-1.48007411361675
-0.859642435267228
-0.539580762667784
-0.0712711622930843
-0.129239795179344
-0.0463163499736989
-0.0673574171031293
-0.279684235794441
-0.513744936225022
-4.42120319667336
-0.990057457073532
-0.0866257200696669
-0.350400000666914
-0.120467533279624
-1.80039829044357
-0.282677686216597
-4.4485248626088
-1.02582232583985
-0.989590137231256
-1.11775819717115
-0.304956522374541
-0.187910675693514
-1.37594743825869
-0.228589211454297
-0.189282971384722
-0.730709684183509
-1.43046528710589
-0.154523015257861
-0.378539866609766
-0.768661142522411
-0.956713239912723
-0.270934331640323
-1.41681272871283
-0.499055834425379
-0.536641048691776
-0.379696684209964
-2.49258627501497
-0.617507102405568
-0.105517344250832
-0.505614111361048
-1.86903861897484
-0.27282691510389
-0.231164738152366
-0.0696210277832443
-0.0491047481887581
-0.407871435440962
-0.0747023534689957
-0.0916789130936077
-0.337875107203868
-0.298868246521967
-0.0193835396731461
-1.67943278263518
-0.0382250424059729
-0.300981062258026
-0.132585651572428
-0.481617468771259
-0.670889764242739
-1.04199830632585
-1.61257097087906
-0.553576169683715
-1.38429743659049
-0.670685413474652
-0.279575126796912
-0.333065474768962
-0.273722563251732
-0.184699165844361
-2.41765897599013
-0.384165742598953
-0.473996390721503
-0.307554787486613
-0.266558145568142
-0.657639721780365
-0.972597998988796
-0.246807415172743
-0.657721521787326
-0.27933999925495
-0.0120428384552312
-0.854939878148655
-3.9452654257064
-0.579722608951812
-0.549073035514872
-0.707111872797332
-1.224312788887
-3.08600258213157
-1.45325784823275
-0.280730987920891
-0.260933424842741
-0.92560330606655
-1.39442376390649
-0.513330571394501
-0.377463620071539
-0.154742040171304
-0.156110937188744
-0.47919077506816
-0.296947035905291
-0.0641919059215124
-0.159670838315069
-0.737126895445829
-0.160117284584066
-0.44805834806784
-0.326611469496374
-0.664796778102772
-0.37539657100301
-0.685122514175601
-0.355686140106613
-0.374515957908287
-0.418346533604744
-0.787123880764749
-0.253426358717234
-0.257583049932587
-0.662412548411817
-0.0558945328573509
-0.15706852536446
-2.5044930556041
-0.19394144770658
-0.395474885088318
-0.92400036636021
-5.10700037815001
-0.961371264685956
-0.249868047614498
-1.0829794913297
-1.34175388663264
-1.73013093092651
-0.0601483568713816
-1.47764410533443
-0.0420173989602328
-0.334987906374635
-1.00357927620276
-0.515306206136412
-0.687387727732381
-0.0929633306046685
-0.41852417619277
-0.274522110363086
-2.45407626184051
-0.130624298166057
-0.140536662349979
-2.20328508648534
-0.314220832584872
-5.74361201999417
-0.722325829700353
-0.57660181825775
-1.06504877152303
-0.245800021411056
-0.418162702868463
-0.321165506844197
-0.326349414685377
-0.0772623311194786
-0.138250829023993
-0.072351660598662
-0.341224441065043
-0.498936186628816
-0.934836033794393
-0.104823065538196
-1.53639583551245
-1.10572770101067
-0.100307463169636
-0.273199662844735
-0.306875992962576
-0.238621482098053
-0.145825245809527
-1.20211711925746
-0.69836757673251
-1.43929626905099
-1.91204451195417
-1.0150887673905
-0.494686375851295
-0.289189760680412
-2.17628370466362
-0.131933660919277
-0.0228581846213336
-0.300310784157274
-0.555370976800359
-0.686539474536316
-0.59534541826327
-0.449503344546241
-3.26830013299685
-0.986381547593586
-0.227897308270472
-2.89035465971677
-2.64536748560662
-0.34400081171714
-2.08607381981754
-0.00840986948145945
-0.266153379754405
-1.38400412398116
-0.524304475363257
-0.822209187656599
-0.149017081817159
-0.208098921828715
-0.740214003506849
-0.0209048470718971
-0.552574820493873
-0.189006665783659
-0.469354563557173
-2.92191967783365
-0.00469474237395748
-0.123021453033342
-0.347010178029893
-0.390697771152068
-0.0915908456649989
-0.0547239655933137
-0.523185127819834
-0.00435349889655704
-0.0872402563069622
-0.0430162312661773
-0.691579910605833
-1.3811800949384
-0.158617441909706
-0.043338037197854
-0.816718312282394
-0.716934324752182
-0.0375874187956687
-0.436076326384576
-0.415418353968573
-0.669390831662771
-0.432928050049629
-0.132586124562028
-0.589535417506118
-0.0544671801274125
-0.275436649500719
-0.884564736487788
-0.221182445008962
-0.591322583241256
-0.642876580914676
-0.0916198067219094
-2.2457936576425
-0.317437707477025
-0.320666876658955
-0.890421446702094
-0.330131609700025
-1.95140119874518
-0.134035453453499
-0.606021789609263
-1.58573872902375
-0.546807134591763
-0.0729836841485201
-0.616367615345255
-0.284711179940093
-0.167771171164043
-0.193810319864458
-0.0442550226293726
-0.219352357190185
-1.05469482334349
-0.607939932841849
-0.252495362167578
-0.0829217201646537
-0.232431363481753
-0.523415749231402
-0.51048931063178
-0.0426488309893714
-0.148739996696393
-1.40876592952565
-0.563592313272259
-0.403120378269741
-0.100662872672025
-0.0333697253097756
-0.136060042417068
-0.167127500999043
-0.106764297525452
-0.304901015606977
-0.0507664981448741
-0.345049208230137
-0.65940244631902
-0.919778142569793
-0.398655071665222
-0.363657662358025
-1.15324568570487
-0.179827302911068
-1.35480366633407
-0.507741402081283
-0.446864907104995
-0.805980875775737
-0.367311027227499
-1.05280185907977
-0.393152857144715
-0.096596890850829
-1.72170671251465
-0.0599831696066676
-0.924271667824826
-0.76540060257277
-0.544193747949114
-1.17797142184971
-0.12958038614343
-0.678636508821559
-0.657231554769304
-0.273009904314928
-0.256134977462615
-0.391325553073389
-0.361947441670317
-0.0750095092574714
-1.03102498954706
-0.544466663407426
-0.915422745505238
-0.204146024982666
-0.629564065624851
-1.50971230573171
-0.604289271722263
-2.00726492883636
-1.02087628832117
-0.231786879524775
-0.00959305945425129
-0.537857483434448
-0.460435072822176
-0.049427294253013
-1.20066378540552
-0.596366228433969
-0.208824046506798
-1.28326636453301
-0.468270301818256
-1.71013567004465
-0.188893416688667
-0.440561943042168
-2.92355816792575
-0.609084409254963
-1.34351046023748
-0.117294018166225
-0.60700609139539
-0.730700896192135
-0.318343174830153
-0.46712444888909
-0.182933268453072
-0.69256372107602
-0.480377666772661
-0.0629335624876114
-0.656484138737504
-0.586365619585862
-0.159249094652738
-2.1369707263894
-2.2215410244596
-0.807479018876505
-1.2447238515418
-2.18325587184758
-0.52898867558811
-0.177948219902464
-0.346966083626044
-0.0254644101973309
-1.53407740889486
-1.96979143683965
-1.66243178761937
-0.0925223489924773
-0.0359841762907895
-0.292554739289755
-0.329961807023189
-0.444400600868933
-0.758178761983909
-0.0254794595628393
-0.117677425505142
-0.799276560002953
-0.386971426292104
-0.0845219547229241
-0.0446428905991437
-1.37066388176475
-0.0434664364695589
-0.977052153620241
-0.329455611162257
-0.277275142723509
-0.241582550894164
-0.289537104503307
-0.231161899887619
-0.0794309141939923
-0.474496341269892
-0.225370707673845
-0.0604623238346062
-1.23462986425622
-0.0129310965483387
-0.0305469758997796
-0.385579247760719
-0.734542118032924
-0.68425431140671
-0.504905516901021
-0.515536679916356
-1.62220766078566
-0.759224910166457
-0.10678323564092
-0.468650398277248
-0.0913748981772047
-0.00222158866185649
-0.718486642560897
-0.526745374647844
-0.146080337992571
-0.177322074307283
-0.638116220119928
-0.204564381234159
-0.51078856759421
-0.999323048327781
-0.495093918771925
-0.21781854154562
-0.831579388781069
-0.58449566755321
-0.735249725190672
-0.786972771631654
-0.177334235486776
-0.0865910417100447
-0.703828342912643
-0.199663290662521
-0.0744310954946277
-0.377378066125477
-0.640766094827152
-0.186393794850341
-0.157744119771395
-0.526163135973115
-0.189378517816654
-0.391676948808387
-0.51303527878614
-2.10949546031558
-0.173777365365944
-0.159063771356314
-0.102900398404175
-1.86641870919247
-0.3688183372491
-1.32152883582889
-0.116461168804323
-0.261315879523247
-0.601845947016183
-1.90239882895276
-2.38083613071119
-0.36248373660682
-0.531199760738921
-1.52306229296239
-0.116860063608958
-0.169177852802237
-0.23549787543348
-1.765371159002
-0.592685580038832
-0.480169619692104
-0.573632942193725
-0.67231972380927
-0.277097944106738
-0.733671563026982
-0.0503414033132865
-0.00661139966056045
-0.304739635775339
-0.0148057019309959
-1.86026475957779
-0.0873674727911424
-0.252747659781488
-0.449658611531731
-0.0856449962503019
-0.918517433123683
-0.266108178743462
-0.21408784842032
-0.152923757048073
-0.528486650096312
-0.496856971266762
-0.0157579256062623
-0.0279561698233116
-1.14670213294892
-0.362190937666088
-0.365413737235056
-0.093195769252529
-0.367781822788322
-0.974412042423467
-1.25626120419247
-0.0868614278553942
-0.584524095543667
-3.50306589452886
-0.275657488608492
-0.764718012966355
-0.158379378842652
-0.604440552970092
-0.557235342756778
-0.995214966014249
-1.24307474068296
-0.231068712029775
-0.00077198858546597
-0.223675375769836
-0.278681075171652
-0.640049468540985
-0.485359468538819
-0.0645936888890298
-0.0231222354964733
-0.0627126461164024
-0.313663904137732
-0.298803490399319
-0.242454155367224
-0.756248237460142
-0.516566776597427
-0.448975609009993
-0.701215168155365
-0.765110660064778
-0.236138605355524
-0.700383767944398
-0.397652819855554
-0.237747332589468
-3.74951442225659
-0.311956551410866
-0.311814685372152
-0.101586931062255
-1.27093085870181
-0.746660088515979
-0.430551922546832
-0.264963941388367
-0.268885916726347
-0.0582163104537436
-0.393060082198386
-0.62919917600822
-0.789460808137578
-0.445643232908232
-0.263780382601498
-0.324987519337996
-0.477793088417071
-0.112648403495191
-0.127620110726489
-0.177587607068924
-0.0672612957924017
-0.388973471439416
-0.602559600369141
-0.615651024919007
-0.0621775655176609
-0.723522145131761
-0.225488441317781
-0.400240165357872
-0.357140250909472
-0.198121304241733
-0.265130550864582
-0.387934267778198
-0.372186444029166
-0.878974435416034
-0.394585741397259
-0.909068413706772
-0.298310597527603
-0.13403758497927
-0.489071936520689
-0.414699595645566
-0.257919323628554
-0.262394481180313
-1.08539141557184
-0.525540439503142
-0.100041119142582
-0.00468416930511673
-0.26120726850818
-1.12066201123102
-0.437227788110726
-0.147567123438513
-0.28415815596289
-0.129639902520693
-0.640223148402633
-0.578930396504765
-0.0584931157910046
-0.507359861016988
-0.210175794634564
-0.0640490489220044
-0.522898424227852
-0.15572197398842
-0.0986262560973163
-1.42244364096834
-0.567554169725183
-0.327684494727429
-0.510530048424247
-0.0372134149957893
-0.143130357921774
-1.79226757867869
-0.248078294592994
-0.129434911142517
-0.370469102080029
-0.363005880991
-0.281862534356702
-1.2973817178293
-1.5101293798341
-0.516021204374867
-0.295399174861103
-0.528746754531405
-1.58822479501679
-1.43716240232747
-0.982975896098033
-2.96852109970811
-0.84420724259823
-0.227294997117163
-0.67562812081097
-0.888957442435672
-0.106442622955083
-0.143229539948029
-0.119621882439199
-0.0021260013772599
-0.362841704445823
-1.04394148313419
-0.451468206215947
-0.81582308478607
-0.0770473858005132
-0.33546578798308
-0.560061441466867
-0.0793279945842502
-1.07324202027301
-0.207786396394113
-0.209110456458103
-1.14870724983422
-0.318744391727849
-0.177784048414703
-0.315118309847898
-0.619860871304892
-0.575824954716661
-0.402122891110229
-0.57671122108659
-0.473808871491539
-0.643191151734957
-0.130615887879225
-0.768756621365536
-0.510815472388299
-0.132730054686613
-0.145021277353711
-2.06334837217471
-0.0527556839167848
-1.15984414084602
-0.24746137135204
-0.16156935647623
-0.680104021214285
-0.0305680502215351
-0.47704895762584
-0.547782186153798
-0.443634896146289
-0.0243091998929361
-0.474291395989017
-0.433939648780554
-0.0631947552910879
-0.140314244771638
-0.573123806381231
-1.57339258783471
-0.677052705354853
-0.6091180348439
-0.550842289659505
-0.30318188481713
-2.29027751076632
-0.687123756981213
-0.438031040448446
-0.485524046505131
-0.463882479474428
-0.114408172612668
-0.493840160072539
-0.0728436480055087
-2.37924274750619
-0.344435356936188
-0.271278137075815
-0.165069912058802
-0.000657155488085092
-0.223834081327239
-0.517533336365295
-0.0873989633137828
-0.62124947852264
-1.57320712345695
-0.402469171113369
-0.127785822884438
-0.406903657967727
-3.21410928162585
-0.507331819671677
-1.63096019822684
-0.0213901955196927
-0.110174520128229
-0.733358274118431
-0.169286300429824
-0.857167108031895
-0.388592301640074
-0.204036364721227
-0.611674739818554
-1.32926037180002
-0.194171095095465
-0.568426121108421
-0.0271293857485446
-0.580147775635528
-0.382894963477186
-0.614543885021269
-0.89486975333334
-0.49701924114324
-0.000618041357219359
-0.0738294750058513
-0.00548803476220182
-0.559976349124622
-0.0882453683408167
-0.0278211424456825
-0.710625835371856
-1.09308722428097
-0.00302314523796667
-1.06187568676063
-0.139149029191578
-0.107325281527494
-0.17383568655739
-0.58351103008559
-0.683989724176858
-3.4827820593227
-0.238449050324214
-0.304108681701505
-0.179645279254714
-0.242788663600106
-0.491391322348893
-0.211989085447968
-1.62693204771894
-0.571225330502184
-0.416507898176994
-0.0829127964521052
-0.542912416763817
-0.1817541197396
-1.97784938591795
-0.483561589861519
-0.398216889017278
-0.355590938141749
-0.0097768270924605
-0.497354280282234
-0.225834092535314
-1.19356625873804
-0.647192621033226
-0.00181301026723119
-0.604920511962498
-0.413323710133076
-0.794318613639368
-0.157585646624158
-0.626485536070782
-0.206434869896478
-0.0457566112933091
-0.644122238569604
-0.104002322466773
-0.054190401289401
-0.0259230249103783
-0.315162916108809
-0.295242278349784
-0.908100737717423
-0.415189928244856
-0.325346554425398
-0.930097179177657
-0.184331987761276
-1.65398297064764
-0.027855431329313
-0.0224265323285779
-1.07458354819405
-0.646410803051192
-0.855708102492329
-0.222975564063685
-0.0793731503979723
-0.475667606439363
-0.0229759580831188
-0.0867742016309804
-0.137212680027541
-0.466089141988054
-0.0815963849593355
-0.158096114275557
-0.024632544564069
-1.6893181397854
-0.368886210265019
-0.29735305585759
-0.692630650661022
-0.586785864867728
-0.334404625655162
-0.282134678174296
-0.752038544123423
-0.0106553141725922
-0.262016611103265
-0.0781839588567253
-0.213109358881446
-2.60291832291488
-0.0463384421995742
-0.0679654141172971
-0.348491759666038
-0.815587608116704
-0.314114386969702
-0.713867646563756
-0.127814243519309
-0.631869288574769
-0.552717581864231
-0.976676575641104
-0.518126226827776
-0.549452058342273
-0.174916369873951
-0.990405726608743
-0.0311232399519194
-0.201238625777058
-0.867154496316826
-1.13683443097877
-0.142520685384982
-0.0153280486649183
-1.59918846134168
-0.488956911083797
-0.0710725521537803
-0.154473860551869
-0.276828159672164
-0.270378675240636
-0.0221740563362163
-3.95876822930799
-0.240004443829925
-0.551005098336275
-1.48975145479362
-0.729612043018022
-0.929429094348633
-0.520937068399093
-0.599856141579626
-0.177515577349449
-0.0583937366251673
-1.21243782202416
-3.11005699950576
-1.02735104396541
-0.941032436370046
-0.252808448672167
-0.0199768741701473
-0.78652982117734
-0.231043679956774
-1.48437170343406
-0.699514339250986
-0.278049551563768
-0.136705434068679
-1.96629640661372
-0.448072084947912
-0.180015598793536
-0.235025686583173
-0.218184116824028
-0.211941874296344
-0.720584887465741
-0.436985549039591
-0.109277865229472
-0.108823551839554
-1.64481115295724
-0.200988825121311
-0.0223629568384926
-0.279425168883309
-0.205128032482888
-0.167793347107426
-0.224866091895742
-1.02828173634719
-0.256987366032435
-0.114771631590479
-0.648972890836269
-1.71236356827621
-0.333710097564604
-0.450417256222051
-0.463365004054637
-0.0979049669652493
-0.479598164105141
-0.330458456910349
-0.0456157804726242
-0.996728934312422
-0.0889222520092461
-0.181539823582152
-0.617618947019991
-0.234917495270242
-0.558339763165887
-1.05373893439675
-0.379528123950032
-0.906383146236621
-1.86827412936532
-0.329261220000213
-0.358376293036867
-0.313405992192945
-0.336180884332391
-0.330046053296457
-0.721048438511893
-1.80636111363635
-0.113156714304292
-0.540746502285548
-0.424326158210806
-0.0421205094138219
-0.0779315185287528
-0.114685177540361
-0.92303578262106
-0.388829474335199
-0.479306326344984
-0.0792378070229431
-0.18210577530694
-0.652037428653411
-0.147144927585742
-0.108329244748956
-1.59586177315324
-0.380631704905747
-1.8896246913606
-0.0155324127303334
-0.0224361134951483
-1.03656202731701
-0.131011680938321
-0.441048364100223
-1.37422664158691
-0.271935587546743
-1.9554651123259
-1.5104124027885
-0.218252804364225
-0.48328189021989
-0.28048953639008
-0.13531411509911
-0.234843923033539
-0.236028155046751
-1.13350996525268
-0.256584148577679
-1.05723141974294
-2.68418361799288
-0.11656881793493
-1.41183711487832
-1.6782174510149
-0.0398574820555503
-0.0490987606369035
-0.546875217722747
-0.137668942280494
-0.930700505525958
-0.875131264916062
-1.24548131454761
-0.569501537025622
-0.317903681367379
-0.136029789994647
-0.610027264098436
-0.692448349772086
-0.487300859163947
-0.307974139958884
-0.434103279247451
-2.69842187074162
-0.449583252692457
-0.302961016589825
-0.200605294651203
-1.171001605677
-2.29013500193289
-0.203612671370287
-0.448977502698892
-0.432879109819637
-0.514514871346772
-0.164866937753124
-0.046200065662261
-0.325646781636965
-0.391926451063817
-0.00888965282122442
-0.0515863253721302
-0.477134241254618
-0.239358331804454
-1.06173322327017
-0.0439317931320888
-0.501261176661511
-0.206893238619927
-0.193200451159957
-0.827582588132772
-0.51781375594328
-0.0962757715412921
-0.597963971413795
-0.0977506293773075
-0.894278410895176
-0.0574849280535532
-0.302706818872845
-0.0133928593243358
-0.454851354847516
-0.319784657007755
-0.22487615425753
-0.388368616364746
-0.598382279347585
-0.331813470062363
-0.0481465759950006
-0.548317322654548
-0.349537785242151
-0.287011054117875
-0.562296584482353
-0.450483096041327
-2.01889301940634
-0.14851870974216
-0.246822919738658
-1.80759802887322
-0.534106259315465
-0.0467412962442616
-1.32415488734813
-0.509791690150232
-0.396913788553739
-0.00618263423490455
-0.404650335087257
-0.169823197705721
-1.19563001530628
-0.012780103238707
-0.0480799078088112
-0.230711008902057
-1.26818789526793
-0.192753178807766
-1.17667438991193
-0.0990290563974112
-0.671173669873785
-1.16853908099134
-0.403559080740085
-0.135307905973068
-0.438718637759133
-0.3755620678114
-0.0999807644644862
-0.869809014173958
-0.62546834565813
-0.863313274489113
-0.295608866184525
-0.0850256068713874
-0.156223002326743
-0.00128934353449155
-0.291989649500332
-0.0803391055856869
-0.342620343194035
-0.317193668217038
-0.101859509092179
-0.999815573856571
-0.432733064976072
-0.26304678744531
-0.185559630701917
-0.142557428531724
-0.11944615270057
-0.0212663741217575
-0.217150373829275
-0.437294211050555
-0.372982175074519
-0.398566171228086
-0.0379933340002617
-0.0912963684005492
-1.06399191517468
-0.331946942416654
-0.646963396197847
-0.576316696723329
-0.524839159652117
-0.443044955584262
-0.0178703442889068
-0.334839253493952
-0.599109040687987
-0.26116632064868
-0.872077212847238
-1.15318859071083
-0.446749250859473
-0.204788111883131
-0.250437760286719
-0.489570834608814
-0.418897301142804
-0.377651756066547
-0.00658072818264284
-0.379865531669313
-0.0853485545497354
-0.714344902848643
-1.23225421158282
-0.491014278216374
-0.0307020073723075
-1.41602932289179
-0.416439509171643
-0.399059513004161
-0.250570482629068
-0.150199540165287
-0.113002129394522
-0.36598960646259
-0.658323366307111
-0.235836869387888
-0.177927752377769
-0.0749669527969323
-0.885135813610506
-1.77581736647618
-0.0319352030015906
-0.389654911524957
-0.665768370919172
-0.387428214590452
-0.399147657111064
-0.49033887016656
-0.199237822464494
-0.749872024487515
-0.0917859356510873
-1.97766835383554
-0.449465831762283
-0.591180197466114
-0.792287790774093
-0.0662223462491959
-0.0747632811457373
-1.78434937130281
-0.663707587873277
-0.982283105749307
-0.791802781846275
-0.620191275886806
-0.295692613550927
-2.5296644684227
-1.81425226994974
-0.670529710893315
-0.369588669715853
-0.343271313478748
-0.0382447429350925
-0.985527418688774
-0.262919083698311
-0.724681665683558
-0.23294211260933
-0.458443987140086
-0.594792119429219
-0.162271368413925
-0.00137225533021586
-0.215784696895159
-0.245237791380607
-0.0232617535120675
-0.148531383669574
-0.27473460782357
-0.42426772258067
-0.726114473868218
-1.01336723821155
-0.407717975309172
-0.635656353176077
-0.219595919554524
-0.265401819161374
-0.156755914822447
-0.373308030057804
-0.296498970815825
-1.25901915319187
-0.268949077742486
-0.0899929193330131
-0.207360886504075
-0.217737329359225
-0.253730678054682
-0.069147938778502
-0.0912850359393551
-0.827921019373085
-0.280424221579645
-1.08631448935142
-0.135287933381809
-0.623157923778633
-0.189288550444961
-0.275513635478066
-0.259166587124293
-0.455301778215908
-0.319086391915768
-0.563956943718862
-0.0281846127902511
-0.179223198559602
-0.330254053449581
-0.203093982962873
-0.0203953383211379
-0.254165330449961
-0.000681758700272636
-0.0627380105518681
-0.837210437376648
-0.561934466785188
-0.235882129706394
-0.0780916428091908
-0.1540521431343
-0.42520555397907
-0.0537830849716367
-1.04873185980691
-0.421266213679174
-0.361018483616954
-0.252689409466085
-0.311492545387445
-0.557196742844903
-0.0313359284116177
-0.133655932589608
-0.162675341080511
-0.333354110361188
-0.236850562931725
-0.778092326083696
-0.0874079195021434
-0.755258710079838
-0.372635281052256
-0.187871193513754
-2.06841019249521
-0.207801012407065
-0.264734764445214
-0.205301605184673
-0.367099770231488
-0.193008540589139
-1.22771403439883
-0.319771654331888
-0.789575720408425
-0.123770873139621
-0.73253224565486
-0.116910301802339
-0.258889958431001
-0.0553541016588549
-0.215737923755964
-0.193001183208815
-0.0388029889225521
-0.0976122785107219
-0.0896123000839941
-0.685185434346637
-0.0434296847371998
-0.234228440792254
-0.156324155051351
-0.157046006658804
-0.82186118932364
-0.805040965527435
-1.18988267872823
-0.60068925598834
-0.117274599127479
-0.349012361434541
-0.0344567520748946
-0.0893344042934547
-0.310128753055118
-0.71223788909005
-0.569040340945393
-0.0995267238936302
-0.141268796615496
-0.339620214585353
-0.049045047885131
-0.205385310318707
-0.39069284657322
-0.347699173521916
-0.407099702747684
-0.811469243863414
-0.801214447068937
-0.136280000440771
-0.396868650406115
-0.111113894971047
-0.474933578181415
-0.342839975763476
-1.14904060676965
-1.71659208530171
-0.313017662344134
-0.335967035221695
-0.298905539234093
-0.300300847599878
-0.264634307320532
-0.449737050452355
-0.36669138674192
-0.0250394462277192
-3.87369105824549
-0.127763592309443
-0.473688453178808
-0.89816666942057
-0.322277508044728
-0.215198344710651
-0.484619544689432
-0.0546803082816108
-0.696825425901454
-0.661356484804352
-0.384257352853549
-0.0090772477215238
-1.0937769500535
-0.410760377845303
-0.195726380236787
-0.261428295511495
-0.135469825020443
-0.308685666993135
-0.272291696515056
-1.07114585758096
-0.491494456046814
-1.08729930318487
-1.8283292225969
-0.138483938468325
-0.522016156663695
-0.061794795900244
-0.294086258307498
-0.502194015951871
-0.102485095727433
-1.08437992730162
-0.433234714418396
-0.448350668508161
-0.065078368100288
-0.497394496133598
-0.267200207508244
-0.213789240980362
-1.50345418162469
-0.106349400311922
-0.699603690851647
-0.257844167430715
-0.409001721090038
-0.315448507640107
-0.441358608537017
-0.179582228703148
-0.373892769151441
-0.247205059112583
-0.444602864004545
-0.223387254192992
-0.157522800860714
-0.345969108464894
-0.0798226987403868
-0.191242937442009
-0.96096048388387
-0.240500387749726
-0.258240558020977
-0.504452278260136
-0.528886323887209
-0.421817106700768
-0.650488448206452
-0.532699665819704
-0.436163893239685
-1.66833237461205
-0.0822357713878189
-0.451153132937307
-0.406456444798954
-0.0161810408952652
-0.117961782138724
-0.615961217062398
-0.390101325401261
-1.55170546639868
-0.186859353568654
-0.804853516584575
-9.47795065469819e-05
-0.178671111514687
-0.705991689369371
-0.000851744917258533
-0.143675265067142
-0.374889370435483
-0.290707096935996
-0.157134100353111
-2.06275578810123
-0.0402252038078751
-0.84412045938161
-0.308827284553228
-0.324134465752208
-0.306160228943667
-1.16326905347496
-0.152591520998376
-0.833893180399548
-0.225939091317677
-0.00761310826687004
-0.151818128622301
-1.18048623895633
-0.661726442662657
-1.54118982209266
-0.563982562533821
-0.71749646713475
-0.238909970865919
-0.0835564432790878
-0.61030069610279
-0.0305427339366797
-0.00982543861047367
-0.128251613560309
-0.0909888754222513
-0.687858589582436
-0.0735548526635394
-0.0949347576312509
-0.476467245662794
-0.413553675101958
-0.258934667166059
-0.135072921154185
-0.0110102666262889
-0.339375623833904
-0.0247049039660847
-0.421663163338734
-0.600414194159254
-0.233056441015576
-0.00247936371814336
-1.23779989577225
-1.06769500160745
-0.126991532195953
-0.0561074675932737
-0.697696130001651
-0.896842759318485
-0.1462669166752
-0.672598482852247
-0.275174741264818
-0.119827033702377
-0.349875169158409
-0.262848523027758
-0.015723810939093
-0.0276676886394043
-0.233410992533849
-0.160797791163617
-0.234408342454608
-0.364736356630474
-0.107456890299958
-0.276520169370724
-0.702015441586807
-0.0124359790800477
-0.143973113897812
-0.644867366278553
-0.627595115286416
-1.91674655851206
-0.68218570368523
-0.143469964371271
-1.33489067662465
-0.336375137471503
-1.02964684701115
-0.249560065399141
-0.990338841855015
-0.923467567634512
-0.859289393710241
-1.30646079259193
-0.0384921841780638
-0.336336104754298
-0.670601734930173
-0.0923232671569199
-0.353844267388042
-0.212894047364115
-0.195678788629696
-0.0394244697410338
-0.236906309701525
-0.121280694419202
-0.431323772122068
-0.00503845828791403
-0.770329016034849
-0.714135307664647
-0.00897698841976409
-0.15148322820768
-0.246780538820535
-0.0870651567626144
-0.0793892887011304
-0.0737472570151743
-0.129659079603353
-0.13765355313152
-0.163434815592325
-0.158702359713828
-1.0481375843678
-0.00697595330128108
-0.416810340297246
-1.1292030886779
-0.0859651233265572
-0.10702833605795
-0.0741838705019457
-0.100315656505779
-0.567723039652945
-0.0399208987308627
-0.933950153172373
-0.208471983552455
-1.34686547098332
-0.0600754696582643
-1.16606029006134
-0.249131273122461
-0.782748502908576
-0.193153661873134
-0.0277417395142151
-0.278160440406631
-0.848588787176799
-0.073964986509737
-0.272085037239193
-0.301968389024596
-0.480089635829691
-0.326567678753323
-0.0465684805413673
-0.215200339256575
-0.216665396447375
-0.503657857313398
-0.052525283304916
-0.0506032140177503
-0.371779340090773
-0.0397969955774686
-0.0293363524816096
-0.235909436595253
-0.570135690180569
-0.154411380550752
-0.842659665637218
-0.514931049234442
-0.735400999963763
-0.527998664659645
-0.0234231250491893
-0.742599965469964
-0.227013603538627
-1.05301209076617
-0.38867664548497
-1.94089723946397
-0.401231857753197
-0.0664660202373799
-0.182153412807067
-0.543702028855501
-1.40309635347878
-0.302225221480782
-0.0573976158506427
-0.0177963746231017
-1.2446308501945
-0.00179777766061006
-0.137314700102073
-0.0499829717107004
-0.926444637694852
-0.935066986960531
-0.685597363839254
-0.274021123603564
-0.1544860524694
-0.358913906454976
-0.413606456593934
-0.237130280793415
-0.041017958624655
-0.394892394521295
-1.3099215283483
-0.778214851677472
-0.314150083088361
-1.01196389534457
-0.176405172240498
-0.0923634944444931
-0.586749581680547
-0.235245717181503
-0.187172794151971
-0.499560179335367
-0.272807026706549
-1.93990481569576
-0.798449189139293
-0.714974646084246
-1.2549638008102
-0.0207053721612077
-0.172158105393018
-0.0521643373446506
-0.123684021841697
-0.322641716555079
-0.266255671303947
-0.912223030990162
-0.380773318136848
-0.434013531339271
-0.218990783312786
-0.171020265282529
-1.63624626467564
-0.135863105545772
-0.292320751968382
-0.265882467485369
-0.675688194870778
-1.32166291062606
-0.440439443631899
-0.11274959852622
-0.233130321687045
-0.314391576761074
-0.105087539023727
-1.39482821492744
-0.474114573588189
-0.159122009322026
-0.397518187629327
-0.325787641797265
-0.160242726030915
-0.204864061233599
-0.0488392850377354
-0.663295050211208
-0.0963432449360176
-0.311301844690758
-0.453553947875669
-3.65197616684262
-0.0301215881865162
-0.261359175423446
-0.834251374370552
-0.0406977357026724
-0.00286832421635695
-0.104329040360149
-0.0294463514282077
-0.0283530309631241
-0.0795957950876906
-1.3047852118011
-0.00869999312562083
-0.439197445325336
-0.538782502342462
-0.593515357291978
-0.107506042785356
-0.0286337469881257
-0.616368067911612
-0.590800586784152
-0.331631723728697
-0.00781345048436361
-0.671766970942341
-0.370717156246287
-1.0194677228214
-0.0322223656365778
-0.0827794013606709
-0.259473849047227
-0.345853572498553
-1.56654197135019
-0.666688853995376
-0.346574551849692
-0.229353689391347
-0.364511514420826
-0.028997048175914
-0.336119703663695
-0.938253276064217
-0.0691789770284158
-0.187579767533138
-0.183378101323926
-0.373986730450889
-0.356392953973209
-0.144750488262783
-0.399497341849816
-0.021636171946249
-0.266255627483459
-0.717521898212025
-0.481033151607143
-0.293425150772611
-0.188651518048921
-1.33695296449875
-0.54585342770373
-0.278431529269787
-0.0273973169122796
-0.850243473563556
-0.158612828097546
-0.788577102783681
-0.173149925945328
-0.801617578866265
-0.586604713797697
-0.110543822183415
-0.182634434008024
-0.148580755535623
-0.523374677973911
-0.128561179206419
-3.27865205000354
-0.227078298403782
-0.334179096232625
-0.0203160380103867
-0.0636905003840197
-0.0477936503846047
-0.333462132542049
-0.243343634210512
-0.304907781655666
-0.463917727610659
-0.0518939091142123
-0.623011251454394
-0.276228546000564
-0.20819722535584
-0.576963913377227
-0.539589162873727
-0.0344148114559682
-0.00912645926083285
-0.413123720555605
-0.365987342288498
-0.197423688397117
-0.140748091642285
-0.0850256390380816
-0.133150457812627
-0.128380816340337
-0.202484630056927
-0.0363505490437154
-0.391499726856967
-0.372449739497316
-0.0217412281437038
-0.226442612145827
-0.374194792207713
-0.0318612647993659
-0.473567115293296
-1.03978720168534
-0.14026512413142
-0.365226241735932
-1.34713819359478
-0.290928630459373
-0.106594143513797
-0.091329775117776
-0.0454519006942055
-0.904149654852761
-0.343782072413629
-0.032088236161977
-2.0276473554835
-0.144242604729212
-0.00172352198007581
-0.128887310085011
-0.755471559307775
-0.287686554082027
-0.159150638700748
-0.124221807570512
-0.191341842573509
-0.471159175678179
-0.146278927499068
-0.380525138171099
-0.280905083026922
-0.0924310442230336
-0.0995485535199457
-0.994445912992237
-0.189642133695044
-0.829683835645622
-0.724982538004869
-0.0553987178453465
-0.137945317648743
-0.0550151370289382
-0.0327263884337433
-0.417936583264829
-0.477201447553543
-0.157380770579753
-0.0674031082797452
-0.0815412238388326
-1.55119237906349
-0.158484273284122
-0.0235482536775436
-0.157184264772826
-0.0111140354722679
-0.0811223265861312
-0.689719405987754
-0.182287027471437
-0.118239462035176
-0.176625879349063
-0.34375231591948
-0.361760911480657
-1.09898705664701
-0.407258366834799
-0.163430658529112
-0.018480570448607
-1.56989536145746
-0.0617201614534614
-0.347543734302812
-0.407236870892329
-0.573078633765648
-0.105406988913745
-1.66226319597314
-0.244704407851078
-0.234303189388866
-0.0921746443657304
-0.0957253243768063
-0.0418559569465921
-0.0366655698614137
-0.623440682087749
-0.00916750041232224
-0.286876004779808
-0.916177300107249
-0.0235606419655817
-0.0595485420216648
-0.456930482254968
-0.526692507745276
-0.537937329097632
-0.251888158983966
-0.0333438946981653
-0.0662958125456889
-0.347309899809483
-0.314821990322734
-0.154738861468895
-0.067934891850204
-0.012924196561156
-1.10332035034129
-0.395030370900076
-0.865464098658463
-0.64131796654152
-0.0126829255224914
-0.567745877946552
-0.0166545467658554
-0.210532484730157
-0.0781834900085265
-0.43964359780512
-0.185098923433649
-0.751489433816473
-0.0488914013426794
-0.168846775735714
-0.798558508629709
-0.131483843635012
-0.0888248383223263
-0.448893245790313
-0.229092095961711
-0.180988380945807
-0.0723941228247522
-0.0961269823503543
-0.472632892349115
-0.148781052709316
-0.371995972529882
-0.60777463678995
-0.211386907910468
-0.551471894624859
-1.03336162181581
-0.501348875354694
-0.123912408478641
-0.233274158082463
-0.250696252889606
-0.116117792513443
-0.904228698108626
-0.430715710285036
-0.161615058300864
-0.0154924899966871
-0.0177224845617436
-0.311659898438453
-0.332953939427219
-0.0424294090779193
-0.397705167704971
-0.200555457889107
-0.452845666473314
-0.116071426041301
-0.138000513545236
-0.200655418797036
-0.0694236337521297
-0.596906806994358
-0.21063283949589
-1.28440013565226
-0.400957310428411
-0.290918284281981
-0.604505361792689
-0.694113634071272
-0.0900884662547074
-0.589599128479206
-0.140631275469591
-0.326296934525224
-0.132833504162819
-0.120676782880506
-0.24849800825677
-0.199214968458983
-0.988341007860354
-0.0433339578157071
-0.183637885513762
-0.964061514235449
-0.358498624603333
-0.0965065772959978
-0.353414745611057
-0.404376387300613
-0.0488758113937453
-0.0560874349033552
-0.812493103877318
-0.207201300391088
-1.11032620391917
-0.251202296658085
-0.250978272847077
-0.226478767426215
-0.763274175244671
-0.228156504360769
-0.148148047560124
-0.611345393610555
-0.635820829298984
-0.387645383523965
-0.321156241304461
-0.0755514413681876
-0.295293001337248
-0.235870373455196
-0.087121447772489
-0.590140571068747
-0.000660686236960171
-0.256084854481786
-0.318789790713093
-0.678792303080659
-0.290712324783451
-0.119938990318348
-0.0880207432943516
-0.164883550666359
-0.195029245486943
-0.276490145590878
-0.0581531573318773
-0.0564479973596711
-0.286751669835495
-0.207789181617506
-1.00040503575135
-0.0835661095684794
-0.310110588127947
-0.639947131291616
-0.149003339196231
-0.0394389360079723
-0.385513825245783
-0.0247259557053722
-0.0496697382627456
-0.131201634562369
-0.116236563113954
-0.0828109868896012
-0.48112218013904
-0.302399742887928
-0.23624556245787
-0.296824297797445
-0.0908527452626635
-0.50253374473481
-0.319986203833983
-0.447660645143776
-0.0263224042544641
-0.248700221157466
-0.291126893589322
-0.221213743370992
-0.619423295607425
-0.259280863716348
-0.131233155972626
-0.366435106595041
-0.314794150714518
-0.165461783063448
-0.480275303287017
-0.836273778657808
-0.0337058653205154
-0.314719449957372
-0.420340076119156
-0.430613122179465
-0.527521459690854
-0.256086421372208
-0.435925827392313
-0.351435373696268
-0.236190770942424
-0.0839073403269977
-0.967725139930907
-0.205439447727477
-0.117390118536955
-0.000376139054125356
-0.114884863518485
-0.012842868438912
-0.175777911996567
-0.0123039705440334
-0.0388027576464117
-0.437909162575221
-0.0127297840927522
-0.313167688288256
-1.2765951934171
-0.601638614723613
-0.100651262498197
-0.0628595337395931
-0.455481566186506
-0.174117348743408
-0.733121410469004
-0.448247534486378
-0.0855617214752831
-0.44312767237887
-0.234887192929578
-0.183923050465371
-0.337434744747013
-0.158806937172471
-0.0020724164051104
-0.209981074227698
-0.0403092351446846
-0.129678599516984
-0.578197952593122
-1.4580441338689
-0.0675725123518461
-0.240375220653622
-0.330654166116927
-0.371910727722243
-1.36920551273299
-0.080418721657108
-0.40110587969398
-1.73846509295562
-0.0503473985391233
-0.0244081334305544
-0.346572873041074
-0.0352396833633779
-0.173916579624217
-0.0293019002446293
-0.164658770500971
-1.35675488041344
-0.0165785512580736
-0.204992987734904
-0.974970504565123
-0.0865849171899953
-0.237051430336496
-0.298390718580793
-0.110088462447926
-0.043943810078875
-0.156626695175101
-0.0497537052371837
-0.34054950552846
-0.0276792204607519
-0.236905018486304
-0.383632454204065
-0.184773458987589
-0.519281157970334
-0.129668573923179
-0.410503671198343
-0.0414826237652668
-0.198739700854697
-0.082928449765652
-0.26363742910511
-0.0788980737056915
-0.16522619432245
-0.161941497109419
-0.0265017529966646
-0.386096933922627
-0.0948745726081911
-0.184308601083983
-0.330923794126366
-0.741891543943964
-0.158177655812253
-0.749944532068353
-0.580286193405927
-0.149696340379811
-0.39324906296811
-0.32111292434107
-0.0973393854689324
-0.23988329457532
-0.171934355731487
-0.0105842159908797
-0.0639966019726578
-0.155126287251086
-0.317888274262942
-0.0685846605239561
-0.557755934642545
-0.411010836646483
-0.0108395162305065
-0.15300730594556
-0.0421203852519092
-0.130160186409922
-0.00527931590891659
-0.00367207888850736
-0.630111459046725
-0.513855128328774
-0.267118604406558
-0.936892756265425
-0.223927024108406
-0.0599289342968383
-0.57019820293409
-0.0981055300327973
-1.31683823672103
-1.16080109992118
-0.787927481136771
-1.37081383169447
-0.367434549283806
-0.00435619422092714
-0.0458080839037639
-1.24066504502147
-0.0405416683801541
-0.269557118203675
-0.246580060964122
-0.456060680798522
-0.129742962403703
-0.0611633329983279
-0.329922155631688
-0.81014243180855
-0.132801586543429
-0.258093738533692
-0.107959921013927
-0.256360060108122
-0.408932926943614
-0.00169247721847786
-0.0606491978190165
-1.04700921671236
-0.000454011079697668
-0.495769217412221
-0.54918803383056
-0.184693013965976
-0.845701648897787
-0.0235040198764653
-0.324406795553028
-0.18231216388254
-0.593651628266974
-0.405498973055546
-0.616114048105036
-0.304149512914098
-0.24162198605937
-0.313908736526456
-0.0355525325930578
-0.694928763948139
-0.132465388343285
-0.394776097236565
-0.0567720161629127
-0.0601044646401403
-0.19831983228123
-0.00629404542073127
-0.00273114852465102
-0.0445301274267111
-1.23837853010236
-0.620471127566835
-0.224868546827738
-0.683125611484268
-0.215940432641685
-0.474668687819412
-0.730668341373131
-1.01218588879955
-0.438493351327355
-0.350868139444544
-0.686589661968493
-0.0273278891725392
-0.0969685491855426
-0.0215680395234968
-0.188750454330755
-0.215926462774506
-0.977521677772383
-0.78213276616388
-0.490457439871779
-0.323683457540905
-0.0664101456520029
-0.0617078627576386
-0.200239940878395
-0.544769649211097
-0.284398797736291
-0.187832710531771
-0.355191769335282
-0.271416165321596
-0.346688608940357
-0.0428043928872279
-0.368580278729191
-0.146619008295225
-0.191076127757774
-0.190403531719034
-1.70772012381208
-0.104275525309579
-0.097170271282282
-0.12206444526968
-0.481100144456439
-0.0490533436146811
-0.357779266933002
-0.293157343988745
-1.01553872840809
-0.106853249283583
-0.249281962127249
-0.677737901280996
-0.478030908576105
-0.192800077208031
-0.0100329096562519
-0.685724006401704
-0.296576304396865
-0.139386442558499
-0.140638209114438
-0.0331569418449625
-0.31058612874773
-0.692388340681401
-0.464190915227517
-0.123424056842867
-0.0450685339753408
-0.217779112045329
-0.518228842544658
-1.23231245912429
-0.269589606268742
-0.112649139459829
-0.467666579105612
-0.720366126404344
-0.321747162174998
-0.53037888908436
-0.404512722603217
-0.337769932481453
-0.869703013340702
-0.109700607801084
-0.137278682354753
-0.347769412095981
-0.0450297075257698
-0.327061879014174
-0.83761097440821
-0.253635722392961
-0.611236329044568
-0.399946054482627
-0.324125179173303
-0.20232741704195
-0.312362270619367
-0.415017129669448
-0.272719656091022
-0.0952149125596095
-0.030870628647287
-0.0510905577803863
-0.000514788398206694
-0.134897723662202
-0.0207003496318112
-0.656204939743662
-0.201027251549617
-0.437390700699871
-0.307443866421895
-0.262396372119568
-0.149718479251067
-0.0159761195011906
-0.0855360530737167
-0.167078183633606
-0.291886310796417
-0.00303149516560059
-0.107323345517579
-1.30255196940347
-0.193493070376508
-0.239867429468716
-0.0486174269518242
-0.0894766853820681
-0.0146167190414026
-0.105432228051582
-0.479933408714087
-0.105740570106631
-0.294166177012765
-0.131029735674173
-0.350387287455483
-0.43467414153412
-0.676850935802356
-1.27373860103879
-0.127845003284616
-0.34396892197367
-0.220983829738627
-0.293737060280706
-0.00117638700052074
-0.0530147135816757
-0.00166641718305229
-0.604703111240348
-0.367619398581299
-0.216068082427029
-0.334029848313459
-0.0152223437614589
-0.779674486308454
-0.271975165453645
-0.123512918439653
-0.12064449527026
-1.48161359345821
-0.566246096955519
-0.133668635278333
-0.106342950260701
-0.320894500542352
-0.237635747202636
-0.237321145871973
-0.571585673579944
-0.0329811159446343
-0.358294543292682
-1.04235632783752
-0.293360145459771
-0.145237461241591
-0.0345596722308028
-0.661511889602783
-1.36967088512119
-0.0159257308217214
-0.628507717745299
-0.201738193365001
-0.202588301568823
-0.155888881958459
-0.144205068111615
-0.910387392458314
-0.0671775335164111
-0.0497114785472498
-0.0736535661942311
-0.608575899513953
-0.200741884277032
-0.304865479539516
-0.0190351505444823
-0.147890287380704
-0.285450707831633
-0.160586914194083
-0.0503048220140413
-0.439157487791886
-0.67911594610027
-1.0584152980327
-0.188660206425342
-0.0355605168747053
-0.114038121314779
-0.561095988855768
-0.16062421680393
-0.0735400771616243
-0.0409662264651888
-0.805012728317649
-0.91448411296929
-0.457106974083667
-0.0209803493937902
-0.306062731228983
-0.17699945207332
-0.343097691468591
-0.136434362542252
-0.0547538387112757
-0.459125597876583
-0.231950558732937
-0.203596669522914
-0.0676931141294438
-0.852188411800177
-1.14554088466902
-0.50925786228021
-0.229454547476898
-0.0627823980394859
-0.547226860216616
-0.139080374195869
-0.165391407411233
-0.597175735587918
-0.704856156858873
-0.0270094077308882
-0.120961433452454
-0.0236686710405561
-0.450222776448567
-0.159848865050782
-0.268306296031089
-0.0256593952700993
-0.0548722931931175
-0.361231479434861
-0.404941659302177
-0.798071039458125
-0.255969876908905
-0.225047891945732
-0.361756505448989
-0.92830429159727
-0.261530851452076
-0.210978598388434
-0.0505279575282764
-0.0533469528532202
-0.0240490469030521
-0.206771379220821
-0.0995895345624938
-0.937487759016112
-0.534601521275657
-0.908404056154213
-0.129722938888909
-0.580622233775839
-0.064840184814671
-0.0807084495915905
-0.0358178473975813
-0.321942498184657
-0.108172997512374
-0.248261699290982
-0.36877420708525
-1.15944345027556
-0.0803348993337343
-0.339372882008969
-0.396884042420367
-0.0792603971265504
-0.295677726623825
-0.149240887398297
-0.566524034543377
-0.111607424069348
-0.233031157085122
-0.921070372034655
-0.078284289173865
-0.0295373076861037
-0.221194460636141
-0.0389072793469015
-0.327140823249419
-0.0578243486715371
-0.384856890418942
-0.0278292415490745
-0.0260214856087254
-0.0129609931038034
-0.177776870235873
-0.210771248241488
-0.0284765063109767
-0.694402454043689
-0.318254639469637
-0.0132820760159377
-0.153927184995015
-0.530954695701754
-0.254365506592695
-0.0338741742526993
-0.034114474946536
-0.102362277208992
-0.0137398232205136
-0.494722897276407
-0.591224749463981
-0.0449910355255027
-0.0680033234463986
-0.145606068847787
-0.225119913142634
-0.168474613567694
-0.0583416262159642
-0.78757442500699
-1.1764447502303
-0.189019644652398
-0.15666566284905
-0.189296067052844
-0.176082766707245
-0.53157322395818
-0.630179988746331
-0.256921990137711
-1.41230109758541
-0.0487544038226731
-0.0290327501640127
-0.478885450393061
-0.0811502183197239
-0.0220008713484892
-0.493502537552107
-0.0181705086808944
-0.0609021447560286
-0.0967795258424275
-0.24408828452372
-0.196528983722971
-0.0690058992578907
-0.309209967403564
-0.0881605450239741
-0.849629924991158
-0.0917509579205814
-0.1603940091045
-0.229811245716544
-0.785840312670229
-0.0221115939632425
-0.383504430660938
-0.14436306337015
-0.0674565926115288
-0.194053040459645
-0.147759647804349
-0.156202244053857
-0.157714769732769
-0.0189131367054183
-0.255243898801274
-0.0759043142135031
-0.178428738622307
-0.00332386089611281
-0.00657848224807959
-0.22385464571775
-0.483790487163729
-0.288297194439413
-0.566151689239122
-0.000467762746653422
-0.397320553848373
-0.370187998669946
-0.0941476400949499
-0.0741787745545401
-0.128725263859281
-0.425999309238793
-0.0178403964757956
-0.117211131335553
-0.333400090244422
-0.198822867305305
-0.0200845198139275
-0.801376670828767
-0.215502997761792
-0.253846185787518
-0.139519947233319
-0.0707713783420823
-0.956857981890144
-1.25071783951938
-0.0606653351201931
-0.104580246623897
-1.084892451368
-0.521107479396232
-0.21219667132217
-0.384330622452111
-0.129140814933238
-0.25064167966847
-0.0504972251916885
-1.10702241218665
-0.837431086459025
-0.479703019759886
-0.0138073120948562
-0.258180334937986
-0.207045157060052
-0.0744011705422534
-0.270118825918935
-0.0824369308872997
-0.86785579088381
-0.18168331607287
-0.495930861042731
-0.307303133922565
-0.0684591875236023
-0.306096413655845
-0.0191827722509977
-0.573586529171702
-0.165278253507709
-0.770838825291096
-0.233520766873494
-0.830427563593278
-0.375259570410513
-1.05048214465849
-0.315759958693925
-1.2109757450686
-0.953384747115228
-1.20390976879077
-0.347998458345192
-0.456550048253079
-0.379661916535906
-0.0390168271746906
-0.34729379142747
-0.62635718365671
-0.657514511711239
-0.452323357643837
-0.093063151468707
-0.551224047926275
-0.231377819042393
-0.598131180286089
-0.062863082043419
-0.127915624232978
-0.148329701342586
-0.518713773371584
-0.316741690669451
-0.0794825492955524
-0.156944723634819
-0.0924508941465644
-0.217082039479286
-0.143331717396601
-0.139423775318805
-0.117626192155502
-0.554038027247826
-0.204676918755548
-0.245048392387829
-0.099937702641929
-0.0452820277903445
-0.0640183575175151
-0.565412652825879
-0.327232795597452
-0.0645066862657365
-0.389720882247448
-0.106885002241489
-0.339289651084367
-0.325953583056055
-0.0089795470991133
-0.114350354001972
-0.212583676413225
-0.118986515318409
-0.175302541915536
-1.73006131891215
-0.843486434407345
-0.0851436048619401
-0.251881375725888
-0.177996797330208
-0.220539355659483
-0.509618328155079
-0.0533963542555601
-0.295163552756991
-0.0581410244667568
-0.882733585927183
-0.204441957057513
-0.0172140383056207
-0.16874956877406
-0.00787831540455958
-0.403842612995303
-0.437376481966262
-0.185561923639937
-0.0583284839005532
-0.00493804796687145
-0.483588569695129
-0.938838085995238
-0.449434653394704
-0.835056833933584
-0.777042711756577
-0.187596005220258
-0.298656448489019
-0.422783921537195
-0.0815379768606936
-0.099791519629671
-0.191393649578727
-0.858799697716727
-0.735090459784033
-0.00451738533153399
-0.0375106172370974
-0.120388101802478
-0.146456650806778
-0.730629224533685
-0.212572489800053
-0.293294257429672
-0.548813975398755
-0.170226580163197
-0.143950254991149
-0.00903575762370471
-0.102644271738056
-0.118991373732913
-0.430396998071441
-0.38257832535144
-0.459104111008428
-0.992186257188415
-0.25928363188885
-0.182831312172356
-0.591295782320388
-0.393001594552986
-0.214426217191226
-0.499399138044607
-0.0365637905615727
-0.0389860226809818
-0.29665643974675
-0.0244593954712144
-0.0356128163186568
-0.218385612187135
-0.249667692325016
-0.537384029264745
-0.624617093186631
-0.369900872009212
-0.0391958380308687
-0.243002531337492
-0.307606699222439
-0.608526766916527
-0.695458260781621
-0.137354565880414
-0.411335022821032
-0.0986202559984131
-0.681858260215662
-0.290412187067915
-0.0212868089742816
-0.152059190046745
-0.224355172843176
-0.362153598522895
-0.558014044451123
-0.505807256920469
-0.177926817588487
-0.192379427781872
-0.179800164802145
-0.283194515165454
-0.331352774685097
-0.232215485026955
-0.394894495139146
-0.0881874724867032
-0.500948105730576
-0.368577440337795
-0.84122361483749
-0.0650701209661559
-0.0642517604436914
-0.0367281356200718
-0.27159211268117
-0.626785642552018
-0.172075316217191
-0.527987988323299
-0.720428661016646
-0.69852231646941
-0.675767836895945
-0.0245247238327097
-0.593418325383006
-0.0478788394002282
-0.195757243864939
-0.0400340384337495
-0.129412271887331
-0.113783068297085
-0.131482960973606
-0.106490801765927
-0.369127843711145
-1.15281663359764
-0.388878727093409
-0.131801043257703
-0.339036009634381
-0.209800596391058
-0.292271674367204
-0.0132215232724421
-0.525422588707967
-0.0881658728625725
-0.16461370445531
-0.272849249207228
-0.0287700954597607
-0.20542967189134
-0.136978925066006
-0.165283402183839
-0.0925881923129449
-0.236611910424994
-0.434260246658537
-0.00943897123761011
-0.11854505519948
-0.93377475374344
-0.020457047964687
-0.149637065961898
-0.139046759632917
-0.00513138862559695
-0.405983398949421
-0.324947633856287
-0.573334292019009
-0.00704550523874522
-0.168953329316797
-0.0469561544632903
-0.270655205181042
-0.145567827097453
-0.0715868536582241
-0.117938986202761
-0.028823326516682
-0.633098161693831
-0.073955244320025
-0.109719372182708
-1.08097145453956
-0.082384529246387
-0.00684622694183939
-0.157283776056365
-0.507564336145329
-0.0640883934853146
-0.150427944174246
-0.119448914003442
-0.312204934560488
-0.253524604811058
-0.114913575138152
-0.265587539865307
-0.699350015179318
-1.00932769389866
-0.353266130103903
-0.511503993207173
-0.332800940700271
-0.162807845134727
-0.401729343459056
-0.0359286998941396
-0.0157499011991528
-0.0162523606258756
-0.32932226639287
-0.248928082379808
-0.148027392378578
-0.150301530644187
-0.137675617637562
-0.149984333589872
-0.274041210667935
-0.185334901216997
-0.619045210128112
-0.0593466094951047
-0.179998515901051
-0.100357365820554
-0.430948206102492
-0.0153880195056617
-0.0885871556379899
-0.0332683907199879
-0.00777602264033761
-0.00380652142322555
-0.293069399215606
-0.196261894003758
-0.152198312159045
-0.00827055870821596
-0.194792345497682
-0.418598583724546
-0.170628864027643
-0.702873078605205
-0.424916895571835
-0.156812478048942
-0.0381013013815889
-0.0806453930293303
-0.24413023681872
-0.0225454724226749
-0.298884446483101
-0.55583201249754
-0.159796725316974
-0.268257310159472
-0.520232438663309
-0.398793911782331
-0.0293364693772014
-0.208176976733708
-0.00171727306652625
-0.0826141080746747
-0.0846476758275845
-0.920257699716541
-0.192473262396204
-0.110345884092498
-0.077229883527277
-0.00648250230906703
-0.2116246617623
-0.0263926101025792
-1.16974929174247
-0.164611681941945
-0.0558745387183955
-0.334607276389944
-0.027160375601468
-0.383531594451467
-0.180714991927255
-0.0209743241441207
-0.421837136236962
-0.282246107462386
-0.128216895695682
-0.319671900100261
-0.174500769056192
-0.182234356922956
-0.317767558842452
-0.22191715092397
-0.0594206099298413
-0.0392469726541562
-0.279913368142866
-0.348978725842734
-0.179179676633334
-0.212543156280247
-0.249912536734022
-0.750513124251501
-0.0898367675257341
-0.205514392159202
-0.116918538131966
-0.539127056925049
-0.0553002049186647
-0.0494412111288487
-0.155213500863232
-0.372294434743291
-0.226625774462054
-0.0365989656227508
-0.0968926926536342
-0.424613710623781
-0.0471373267419949
-0.121672153591475
-1.64757655802649
-0.210471429832888
-0.0165021734425386
-0.878617775285792
-0.0191542743184441
-0.419252861961053
-0.780582464231147
-0.00569611698628235
-0.235785660115575
-0.0206192243889265
-0.177202015542136
-0.118950746023866
-0.0643781528945177
-0.28237636912695
-0.237945012735824
-0.674786469681615
-0.0861960749791037
-0.326539176379053
-0.0593897702942581
-0.133282069787608
-0.153569415576036
-0.124561864699545
-0.143357649474777
-0.0239992221353892
-0.12514170800592
-0.459428451763684
-0.534364792607081
-0.18565556235659
-0.170274130978105
-0.503115316252501
-0.443972027949403
-0.129891403802133
-0.142673720415504
-0.223250380665028
-0.148364669769018
-0.204534841051252
-0.864721773965381
-0.104012920107257
-0.811095664174935
-0.0195776048785921
-0.165999365639962
-0.331266906192874
-0.101295001951277
-0.316263738730896
-0.12076270554331
-0.244552764470168
-0.339138137793134
-0.087996261556597
-0.614796020612485
-0.542708528748408
-0.221277644976865
-0.00903149854970157
-0.0521380905600845
-0.0716384239348132
-0.270838768118149
-0.37695827880799
-0.246304338270814
-0.681470520706098
-0.271716066457748
-0.222198523101614
-0.211879825311329
-0.382498361930622
-0.666107135026304
-0.205110003138675
-0.118361417258038
-0.216060058902064
-0.0189967073782148
-0.0710308182130023
-0.134700889196921
-0.425705631153275
-0.011393454139121
-0.331878766465932
-0.734143246056326
-0.236221360999416
-0.49640125960152
-0.0368899190389813
-0.263730201929078
-0.219916613773884
-0.0324573783638295
-0.24481014858274
-0.0336225204223922
-0.190527559916936
-0.0539728779548505
-0.0824571885934761
-0.132346507780339
-0.293709120822636
-0.709374717606371
-0.0252563528879884
-0.340097039650129
-0.0519477203129504
-0.0896966593668013
-0.195066452939472
-0.3248760896251
-0.374079337564612
-0.498241681164533
-0.171138358471861
-0.0586919784048914
-0.118495281123944
-0.533775740482957
-0.114683769267685
-0.142645460937703
-0.0841544130441994
-0.114084738429191
-0.0443707280006751
-0.0235225724198593
-0.0476132651128802
-0.454653478628543
-0.184189047740583
-0.656029172695645
-0.699998965809188
-0.0252970271643824
-0.4845357043714
-0.764302671905027
-0.278578329947582
-0.0524446389844833
-0.431880034263464
-0.00439614177137301
-0.233692272117391
-0.0756865641390206
-0.0743406638419434
-0.0332084811352506
-0.234528386632029
-0.350266284728534
-1.02062537242802
-0.343994023766442
-0.0788867298172862
-0.437333564792327
-0.0489558187836512
-0.373417751384686
-0.00867606628030451
-0.0483056245499419
-0.305065704583747
-0.150456547673938
-0.0886756556439305
-0.29870270661282
-0.0747092600433981
-0.0337483190255349
-0.174312260596269
-0.0404350188100367
-0.116790229931453
-0.119331284133116
-0.103635875396979
-0.19223601976755
-0.0573625590954639
-0.177643133667676
-0.0523101856737923
-0.102435957438072
-0.13299545121719
-0.193255417075415
-0.0129191013336253
-0.0916514920664597
-0.0836641965276283
-0.30557939743726
-0.22405397635026
-1.20275336118516
-0.240504518978924
-0.386609355450478
-0.00644248598079611
-0.534630834645058
-0.0179799248616538
-0.142923340300451
-0.249987885818434
-0.193286661980574
-0.195110158376573
-0.200466300781152
-0.166892863191459
-0.896995636245746
-0.0639372705110664
-0.0910067681678297
-0.246020338560034
-0.109787477130848
-0.411619435995123
-0.141400353008202
-0.580554521176034
-0.114270455243565
-1.46314668394479
-0.0685828450280515
-0.165992773265557
-0.0580782474110743
-0.0596811416039794
-0.0207903262598622
-0.133474725712314
-0.0742967132559807
-0.300152191748649
-0.0936108748613303
-0.322412450714188
-0.232498761162066
-0.629341853419359
-0.257725317268627
-0.105846069862876
-0.00477896145093307
-0.00778569648485321
-0.606301343732632
-0.0779408783812221
-0.236280788363372
-0.206580500790497
-0.110838575773636
-0.166960849481105
-0.173710065771517
-0.0199731465687447
-0.131797171885876
-0.135053188509418
-0.207162914863687
-0.181097287825802
-0.292562666312832
-0.169476126566803
-1.13377901041771
-0.0256692899283085
-0.837009412520832
-0.128817109554111
-0.162163349571814
-0.0216007982114148
-8.37920994742415e-05
-0.368878424699466
-0.11942802812601
-0.213325363689633
-0.0955496072482642
-0.741140525392365
-0.0621865237791681
-0.162105084069624
-0.518429836193122
-0.120156799635667
-0.134387497515434
-0.309350382613245
-0.285358238337676
-0.0883676353253244
-0.258534915678192
-0.335111604929648
-0.0908104807094285
-0.00684053980602217
-0.249534964792406
-0.154037943547838
-0.316057900185201
-0.330144808358958
-0.585958985530653
-0.19300744080171
-0.101578720238942
-0.122296557481149
-0.130050409434582
-0.339321323168701
-0.383434698339732
-0.132013191065863
-0.523213295919391
-0.250523051427818
-0.300311310466298
-0.0038978197241854
-0.376991864962195
-0.123600285624841
-0.202133095738572
-0.249448455868892
-0.076257954197071
-0.0893742706435425
-0.127777108124271
-1.00713740031913
-0.207922903735834
-0.0161749684648282
-0.0245899583500648
-0.475958923161219
-0.0816184703841799
-0.157051930264849
-0.294184643774505
-0.795068440297681
-0.263454239357851
-0.0279868250188272
-0.743023040741548
-0.370519563153222
-0.0134771908905426
-0.153883442614545
-0.0195094607893772
-0.43066234466791
-0.203574150904728
-0.0572960965608463
-0.0604229995547653
-0.0512837441061069
-0.064017005100297
